22	10632126	10664662	1	1	1	1	0	69
22	10848028	10854003	1	1	1	0	1	74
22	10848028	10863721	1	1	1	0	1	65
22	10940708	10941688	2	2	1	1	0	33
22	10941781	10944966	2	2	1	6	0	39
22	10945054	10947303	2	2	1	2	0	49
22	10947419	10949211	2	2	1	7	0	52
22	10947419	10950048	2	2	1	4	0	59
22	10949270	10950048	2	2	1	5	0	58
22	10950175	10959066	2	2	1	5	1	64
22	10959137	10960277	2	2	1	1	0	41
22	10959137	10960331	2	2	1	2	0	66
22	10959137	10960993	2	2	0	1	0	33
22	10959137	10961282	2	2	1	1	0	41
22	10960432	10961282	2	2	1	3	0	45
22	11257473	11293238	2	2	1	1	0	26
22	11962833	12042200	2	2	1	2	0	57
22	12314920	12319406	2	2	1	0	8	67
22	12314920	12351351	2	2	1	0	8	67
22	12319093	12512635	1	1	1	0	3	61
22	12351516	12377817	2	2	1	0	3	61
22	12351516	12545677	2	2	1	0	3	61
22	12365599	12375536	1	1	1	1	0	61
22	12377896	12416733	2	2	1	1	0	64
22	12497685	12547520	2	2	1	0	1	30
22	12498924	12544282	2	2	1	0	1	25
22	12498924	12548754	2	2	1	0	1	25
22	12604740	12615408	1	1	1	0	1	31
22	12615535	12616313	1	1	1	2	0	58
22	12616372	12618170	1	1	1	2	0	12
22	12620939	12624241	1	1	1	4	1	23
22	12624334	12625316	1	1	1	5	0	53
22	15216222	15225210	2	2	1	0	2	68
22	15627414	15627646	2	2	1	1	0	56
22	15785447	15787171	1	1	1	1	0	49
22	15787283	15788551	1	1	1	3	0	59
22	15788700	15788819	1	1	1	3	0	56
22	15788932	15790660	1	1	1	6	0	41
22	15788932	15852989	1	1	1	2	0	61
22	15790799	15852989	1	1	1	6	0	66
22	15853222	15854668	1	1	1	2	0	20
22	15877449	15883425	1	1	1	0	1	74
22	15877449	15893136	1	1	1	0	1	65
22	16167576	16188153	1	1	1	0	2	68
22	16168027	16188604	2	2	1	1	1	48
22	16387840	16390135	1	1	1	2	0	56
22	16390496	16390640	1	1	1	2	0	65
22	16452954	16479614	2	2	1	0	1	13
22	16452954	16480562	2	2	1	0	1	13
22	16479799	16516472	2	2	1	1	0	65
22	16480749	16481148	1	1	1	1	2	30
22	16573528	16574464	1	1	1	0	1	75
22	16581288	16582506	2	2	1	2	0	52
22	16645814	16646447	2	2	1	1	0	34
22	16690281	16690572	2	2	1	150	0	45
22	16690617	16691974	2	2	1	148	0	44
22	16692140	16694577	2	2	1	201	0	72
22	16694722	16695003	2	2	1	190	0	75
22	16695145	16695241	2	2	1	134	4	75
22	16695359	16696777	2	2	1	156	13	74
22	16697163	16697405	2	2	1	1	0	59
22	16698157	16700313	2	2	1	155	2	75
22	16700450	16701153	2	2	1	182	0	75
22	16701313	16702046	0	0	1	165	1	75
22	16702204	16703992	2	2	1	173	0	75
22	16702267	16703992	2	2	1	1	0	19
22	16704107	16704318	0	0	1	158	0	75
22	17082909	17244545	1	1	1	0	3	61
22	17097944	17098774	1	1	1	1	0	37
22	17102044	17102138	1	1	1	2	0	47
22	17102303	17103493	1	1	1	5	0	60
22	17103578	17104725	1	1	1	8	0	61
22	17104811	17105590	1	1	1	7	0	12
22	17105603	17105852	1	1	1	1	0	12
22	17105603	17107726	1	1	1	4	0	12
22	17105955	17107726	1	1	1	1	0	42
22	17107769	17108306	1	1	1	6	0	41
22	17138358	17138549	2	2	1	3	0	64
22	17138739	17141058	2	2	1	3	0	69
22	17138739	17145023	2	2	1	1	0	12
22	17141234	17143097	2	2	1	16	0	34
22	17143132	17145023	2	2	1	13	0	34
22	17145118	17148447	2	2	1	13	0	69
22	17147040	17147225	2	2	1	2	0	52
22	17147288	17147349	2	2	1	1	0	36
22	17148561	17149541	2	2	1	8	0	73
22	17149746	17159125	2	2	1	4	0	65
22	17234530	17244438	1	1	0	1	0	13
22	17244539	17537857	1	1	1	4	0	56
22	17378127	17378439	1	1	1	2	0	45
22	17446576	18122968	1	1	1	1	4	49
22	17546821	17558779	2	2	1	0	4	59
22	17546821	17582154	2	2	1	0	4	60
22	17588525	17652939	2	2	0	0	2	52
22	17592737	17594528	2	2	1	14	0	74
22	17594617	17598193	2	2	1	28	0	74
22	17598289	17600026	2	2	1	17	0	69
22	17600096	17601091	2	2	1	17	0	69
22	17601182	17612811	2	2	1	31	0	67
22	17612879	17613210	2	2	1	34	0	67
22	17613321	17619460	2	2	1	28	0	68
22	17613321	17628602	2	2	1	1	0	27
22	17619527	17628602	2	2	1	29	0	62
22	17638887	17655661	1	1	1	4	0	68
22	17655833	17662898	1	1	1	1	0	49
22	17655833	17683213	1	1	1	6	0	70
22	17683322	17688985	1	1	1	5	0	47
22	17689143	17696140	1	1	1	2	0	56
22	17689143	17702242	1	1	1	1	0	48
22	17696211	17702242	1	1	1	3	0	32
22	17702379	17726676	1	1	1	1	0	67
22	17702387	17726676	1	1	1	3	0	68
22	17706826	17726676	1	1	1	3	0	41
22	17714111	17751189	1	1	1	1	0	28
22	17714168	17759426	2	2	1	2	0	35
22	17714168	17768746	2	2	1	4	0	48
22	17735592	17738016	2	2	1	6	0	71
22	17738230	17739348	2	2	1	8	0	75
22	17739489	17743802	2	2	1	15	0	74
22	17739489	17774380	2	2	1	1	0	45
22	17744014	17750104	2	2	1	10	0	70
22	17744014	17774380	2	2	1	1	0	52
22	17750175	17774380	2	2	1	15	0	71
22	17790917	17790997	2	2	1	1	0	73
22	17791302	17808843	2	2	1	1	0	15
22	17808938	17810702	2	2	1	1	0	41
22	17810814	17816689	2	2	1	2	0	53
22	17816785	17817310	2	2	1	1	0	52
22	17822171	17822946	2	2	1	1	0	48
22	17842018	17864898	2	2	1	1	0	30
22	17864987	17865923	2	2	1	1	0	32
22	17866013	17871836	2	2	1	3	0	68
22	17886052	17887169	2	2	1	4	0	36
22	17887233	17887322	2	2	1	4	0	51
22	17887436	17889033	2	2	1	1	0	33
22	17889231	17891484	2	2	1	2	0	60
22	17893905	17895283	2	2	1	1	0	67
22	17895411	17896245	2	2	1	2	0	65
22	17896982	17899447	2	2	1	2	0	12
22	17899549	17900841	2	2	1	5	0	68
22	17901980	17902630	2	2	1	3	0	46
22	17904840	17906548	2	2	1	1	0	23
22	18078048	18079873	1	1	1	1	0	49
22	18078607	18079873	1	1	1	1	0	60
22	18078843	18079873	1	1	1	1	0	50
22	18080015	18083436	1	1	1	3	0	75
22	18083733	18085111	1	1	1	4	0	68
22	18083733	18087971	1	1	1	2	0	49
22	18085259	18087971	1	1	1	3	0	26
22	18093278	18093587	2	2	1	1	0	31
22	18110869	18121478	1	1	1	3	0	46
22	18117559	18137413	1	1	1	1	0	52
22	18121702	18124155	1	1	1	6	0	62
22	18124305	18126353	1	1	1	5	0	69
22	18127035	18130842	1	1	1	4	0	44
22	18150223	18157557	1	3	1	14	0	68
22	18157821	18160171	1	1	1	9	0	66
22	18160269	18161789	1	1	1	14	0	70
22	18161936	18167254	1	1	1	10	0	72
22	18161936	18167889	1	1	1	1	0	35
22	18167335	18167889	1	1	1	6	0	52
22	18168037	18169843	1	1	1	10	0	71
22	18169940	18170752	1	1	1	15	0	61
22	18170921	18173149	1	1	1	1	8	70
22	18173282	18173792	1	1	1	5	12	50
22	18173843	18176771	1	1	1	5	8	50
22	18173843	18360563	1	1	1	0	8	50
22	18534054	18535244	2	2	1	2	2	63
22	18535329	18535858	2	2	1	2	0	14
22	18535949	18536649	2	2	1	2	0	56
22	18536809	18537291	2	2	1	0	1	73
22	18543738	18544651	2	2	1	1	0	19
22	18548119	18548317	2	2	1	1	0	50
22	18910273	18910887	1	1	1	1	0	53
22	18911029	18911539	1	1	1	1	0	53
22	19039122	19041057	2	2	1	4	0	65
22	19041295	19041806	2	2	1	5	0	53
22	19041960	19048439	2	2	1	2	0	71
22	19048644	19056985	2	2	1	3	0	52
22	19048644	19063201	2	2	1	2	0	27
22	19057163	19063201	2	2	1	5	0	38
22	19057163	19064847	2	2	1	1	0	12
22	19063279	19064847	2	2	1	5	0	48
22	19065059	19068099	2	2	1	6	0	67
22	19068226	19089367	2	2	1	9	1	69
22	19089491	19122127	2	2	1	11	0	72
22	19134476	19135059	2	2	1	2	0	33
22	19135176	19137322	2	2	1	2	0	75
22	19139293	19139611	2	2	1	4	0	63
22	19139730	19139854	2	2	1	3	0	50
22	19140028	19142537	2	2	1	2	0	41
22	19142634	19142725	2	2	1	6	0	70
22	19142895	19144505	2	2	1	4	0	20
22	19176245	19176420	2	2	1	14	2	73
22	19176495	19176577	2	2	1	13	1	68
22	19176694	19176845	2	2	1	13	0	44
22	19176951	19177119	2	2	1	15	0	69
22	19177205	19177726	2	2	1	18	0	70
22	19177866	19177941	2	2	1	9	0	66
22	19178042	19178132	2	2	1	11	0	62
22	19178241	19178386	2	2	1	1	0	63
22	19178241	19178579	2	2	1	6	0	58
22	19180807	19183413	2	2	1	1	0	36
22	19196416	19196488	2	2	1	1	0	44
22	19196657	19199733	2	2	1	1	0	59
22	19209115	19210325	2	2	1	2	0	16
22	19210510	19216110	2	2	1	2	0	37
22	19220008	19221376	2	2	1	1	0	45
22	19221612	19221950	2	2	1	1	0	51
22	19222094	19222683	2	2	1	1	0	65
22	19331557	19351357	2	2	1	4	0	72
22	19351447	19353355	2	2	1	1	0	32
22	19353520	19353995	2	2	1	7	0	51
22	19354119	19355759	2	2	1	9	0	73
22	19355866	19356229	2	2	1	8	0	57
22	19356289	19356889	2	2	1	6	0	48
22	19357052	19359335	2	2	1	3	0	57
22	19359485	19361236	2	2	1	3	0	52
22	19361342	19361726	2	2	1	2	0	59
22	19361932	19375630	2	2	1	2	0	68
22	19375793	19377868	2	2	1	2	0	54
22	19378067	19383619	2	2	1	5	0	64
22	19383706	19385520	2	2	1	4	0	53
22	19385737	19387710	2	2	1	4	0	65
22	19387817	19388483	2	2	1	1	0	13
22	19388555	19392100	2	2	1	5	0	66
22	19392215	19394341	2	2	1	8	0	56
22	19394510	19396786	2	2	1	9	0	56
22	19396948	19397991	2	2	1	3	0	54
22	19398088	19405785	2	2	1	4	0	61
22	19405881	19407183	2	2	1	3	0	57
22	19407275	19408273	2	2	1	1	0	71
22	19407275	19408482	2	2	1	1	0	55
22	19408594	19410715	2	2	1	1	0	63
22	19410779	19431439	2	2	1	3	0	63
22	19432608	19433264	1	1	1	7	0	59
22	19433349	19434735	1	1	1	7	0	63
22	19434895	19435637	1	1	1	10	0	70
22	19441695	19447377	2	2	1	5	0	60
22	19444391	19447377	2	2	1	2	0	70
22	19447546	19447664	2	2	1	9	0	35
22	19450745	19454748	2	2	1	7	0	27
22	19454831	19455679	2	2	1	14	0	66
22	19455769	19456586	2	2	1	22	0	48
22	19456635	19456852	2	2	1	20	0	48
22	19456919	19458070	2	2	1	27	0	67
22	19456919	19465201	2	2	1	1	0	24
22	19458140	19465201	2	2	1	27	0	69
22	19465275	19467872	2	2	1	24	0	61
22	19468004	19471686	2	2	1	28	0	62
22	19468004	19479082	2	2	1	1	0	52
22	19471809	19475067	2	2	1	26	0	33
22	19471809	19479082	2	2	1	10	0	74
22	19475101	19475469	2	2	1	21	0	34
22	19475101	19475495	2	2	1	2	0	33
22	19475603	19478824	2	2	1	1	0	56
22	19475603	19479082	2	2	1	22	0	74
22	19480020	19480157	1	1	1	4	0	60
22	19480218	19480952	1	1	1	3	0	42
22	19481046	19482689	1	1	1	3	0	57
22	19481046	19483861	1	1	1	1	0	73
22	19482828	19483861	1	1	1	3	0	59
22	19484006	19494326	1	1	1	3	0	56
22	19494383	19495980	1	1	1	4	0	49
22	19496030	19497385	1	1	1	5	0	49
22	19497448	19499100	1	1	1	3	0	51
22	19497448	19505361	1	1	1	2	0	15
22	19499152	19505361	1	1	1	3	0	29
22	19505482	19507385	1	1	1	3	0	25
22	19507518	19507765	1	1	1	1	0	21
22	19507865	19508529	1	1	1	3	0	59
22	19508692	19514748	1	1	1	9	0	58
22	19514888	19514964	1	1	1	5	0	39
22	19515049	19516526	1	1	1	4	0	48
22	19516646	19516816	1	1	1	5	0	61
22	19516894	19518843	1	1	1	3	0	55
22	19522999	19523108	2	4	1	2	0	47
22	19719699	19719805	1	1	1	2	0	45
22	19719893	19720114	1	1	1	2	0	49
22	19720239	19720319	1	1	1	2	0	70
22	19720455	19720548	1	1	1	1	0	36
22	19720870	19721639	1	1	1	4	0	54
22	19721737	19721821	1	1	1	7	0	72
22	19721958	19722236	1	1	1	6	0	50
22	19722340	19722427	1	1	1	4	0	64
22	19761281	19763240	1	1	1	6	0	45
22	19763343	19764154	1	1	1	6	0	56
22	19764327	19764957	1	1	1	5	0	57
22	19765114	19765757	1	1	1	1	0	44
22	19765826	19765901	1	1	1	1	0	61
22	19788961	19802000	2	2	1	1	0	61
22	19806758	19812284	2	2	1	1	0	20
22	19812448	19820597	2	2	1	1	0	61
22	19821376	19854442	2	2	1	1	0	58
22	19852487	19854442	2	2	1	3	0	41
22	19854540	19854659	2	2	1	1	0	12
22	19854540	19854819	2	2	1	1	0	16
22	19875808	19877039	2	2	1	11	0	75
22	19875808	19877108	2	2	1	4	0	73
22	19877235	19878089	2	2	1	16	0	73
22	19878188	19878365	2	2	1	15	0	70
22	19878265	19878365	2	2	1	1	0	33
22	19878438	19880178	2	2	1	28	0	73
22	19880272	19880621	2	2	1	38	0	73
22	19880718	19881035	2	2	1	1	0	31
22	19880718	19881080	2	2	1	22	0	75
22	19880718	19883324	2	2	1	5	0	71
22	19883462	19895406	2	2	1	1	0	71
22	19895201	19895406	2	2	1	3	0	44
22	19895582	19898038	2	2	1	5	0	71
22	19898131	19899048	2	2	1	3	0	20
22	19899069	19911376	2	2	1	3	0	20
22	19911448	19915213	2	2	1	1	0	12
22	19915277	19915764	2	2	1	4	0	63
22	19915844	19918142	2	2	1	3	0	56
22	19918218	19918859	2	2	1	2	0	71
22	19919005	19919542	2	2	1	6	0	57
22	19919600	19931029	2	2	1	6	0	57
22	19931099	19941700	2	2	1	4	0	69
22	19941898	19961198	1	1	1	37	0	73
22	19947491	19961198	1	1	1	1	0	44
22	19961290	19962232	1	1	1	3	0	54
22	19961290	19962526	1	1	1	40	0	71
22	19962816	19963565	1	1	1	30	0	70
22	19963760	19964167	1	1	1	34	0	73
22	19964300	19968535	1	1	1	29	0	74
22	19970744	19971215	2	2	1	2	0	67
22	19970744	19971885	2	2	1	3	0	58
22	19971972	19972357	2	2	1	1	0	18
22	19972412	19972736	2	2	1	2	0	54
22	19972828	19972924	2	2	1	2	0	45
22	19973318	19973642	2	2	1	2	0	53
22	19973794	19974111	2	2	1	4	0	75
22	19974240	19975685	2	2	1	3	0	65
22	19975758	19976567	2	2	1	1	0	72
22	19975758	19977414	2	2	1	3	0	35
22	19978076	19978896	2	2	1	3	0	40
22	19979081	19979742	2	2	1	1	0	41
22	19980243	19981210	2	2	1	3	0	69
22	19981738	19981932	2	2	1	2	0	73
22	19982092	19987072	2	2	1	1	0	56
22	19982092	19990584	2	2	1	1	0	37
22	20036855	20043354	1	1	1	1	0	73
22	20043444	20052464	1	1	1	1	0	46
22	20052585	20053436	1	1	1	1	0	57
22	20052585	20055942	1	1	1	1	0	43
22	20053552	20055942	1	1	1	1	0	47
22	20056014	20061529	1	1	1	4	0	73
22	20056014	20064541	1	1	1	1	0	35
22	20061684	20063337	1	1	1	2	0	50
22	20063443	20064541	1	1	1	2	0	45
22	20080384	20085686	1	1	1	2	0	59
22	20086684	20087161	1	1	1	3	0	72
22	20087322	20089668	1	1	1	7	0	72
22	20089812	20089975	1	1	1	3	0	39
22	20090259	20091434	1	1	1	2	0	16
22	20091633	20091868	1	1	1	5	0	66
22	20091971	20092808	1	1	1	5	0	75
22	20091971	20094712	1	1	1	1	0	17
22	20092908	20094712	1	1	1	4	0	62
22	20094796	20106176	1	1	1	2	0	50
22	20106278	20106591	1	1	1	3	0	61
22	20106699	20107270	1	1	1	5	0	47
22	20107399	20108889	1	1	1	4	0	69
22	20109004	20110024	1	1	1	8	0	67
22	20112795	20112910	2	2	1	4	0	49
22	20113008	20113117	2	2	1	3	0	37
22	20113235	20113431	2	2	1	2	0	31
22	20113508	20113685	2	2	1	2	0	60
22	20114686	20114760	2	2	1	1	0	64
22	20114877	20114964	2	2	1	2	0	57
22	20115080	20115671	2	2	1	1	0	73
22	20115448	20115671	2	2	1	1	0	56
22	20115781	20116037	2	2	1	5	0	61
22	20116613	20116882	2	2	1	2	0	25
22	20117665	20119012	1	1	1	38	0	73
22	20119150	20122263	1	1	1	48	0	75
22	20122422	20125307	1	1	1	60	0	73
22	20125437	20126302	1	1	1	39	0	66
22	20126369	20126951	1	1	1	16	0	66
22	20126369	20126954	1	1	1	14	0	66
22	20139316	20139477	1	1	1	1	0	50
22	20139552	20140616	1	1	1	3	0	74
22	20139636	20139719	1	1	1	3	0	55
22	20139893	20140114	1	1	1	2	0	48
22	20140218	20140616	1	1	1	2	0	63
22	20140709	20140870	1	1	1	3	0	69
22	20141013	20141216	1	1	1	10	0	73
22	20141338	20141420	1	1	1	10	0	71
22	20141531	20142755	1	1	1	16	0	71
22	20143757	20145228	1	1	1	4	0	68
22	20143757	20147020	1	1	1	1	0	71
22	20149245	20149411	2	2	1	1	0	31
22	20149477	20149580	2	2	1	1	0	54
22	20154877	20155285	2	2	1	1	0	24
22	20314825	20315335	2	2	1	7	0	42
22	20315477	20316118	2	2	1	12	0	72
22	20315521	20316118	2	2	1	1	0	23
22	20316220	20319638	2	2	1	15	0	62
22	20319800	20319878	2	2	1	8	0	54
22	20363675	20364185	2	2	1	0	3	32
22	20364318	20366566	2	2	1	0	3	57
22	20395419	20400631	1	1	1	1	0	66
22	20400759	20401276	1	1	1	3	0	53
22	20401373	20405376	1	1	1	4	0	70
22	20426283	20427397	2	2	1	2	0	35
22	20427551	20429224	2	2	1	7	0	70
22	20429341	20429535	2	2	1	1	0	68
22	20429356	20429535	2	2	1	4	0	50
22	20429654	20429729	2	2	1	4	0	41
22	20429834	20430428	2	2	1	3	0	53
22	20430558	20430689	2	2	1	2	0	45
22	20430909	20431017	2	2	1	2	0	46
22	20431538	20431744	2	2	1	3	0	62
22	20431847	20431929	2	2	1	3	0	30
22	20431989	20437581	2	2	1	1	0	59
22	20445725	20467801	1	1	1	1	0	20
22	20446677	20457807	2	2	1	3	1	68
22	20451511	20451591	1	1	1	2	0	67
22	20458001	20464857	2	2	1	3	0	65
22	20471516	20488984	2	2	1	2	0	31
22	20507736	20537116	1	1	1	1	0	45
22	20507747	20518877	1	1	1	2	0	60
22	20507747	20537116	1	1	1	11	0	69
22	20537205	20551435	1	1	1	13	0	52
22	20537216	20551435	1	1	1	1	0	35
22	20551488	20553144	1	1	1	13	0	30
22	20553175	20554935	1	1	1	8	0	30
22	20555149	20564449	1	1	1	8	0	55
22	20564689	20566466	1	1	1	8	0	71
22	20566818	20568520	1	1	1	9	0	73
22	20568632	20582610	1	1	1	8	0	74
22	20575233	20582610	1	1	1	2	0	64
22	20582748	20582839	1	1	1	9	0	64
22	20582968	20583112	1	1	1	8	0	71
22	20583248	20583329	1	1	1	14	0	64
22	20583394	20584358	1	1	1	16	0	64
22	20584426	20584854	1	1	1	16	0	67
22	20585016	20585100	1	1	1	8	0	63
22	20585268	20585727	1	1	1	25	0	73
22	20585827	20586567	1	1	1	15	0	66
22	20601276	20643396	2	2	1	1	0	56
22	20668221	20670460	2	2	1	4	1	24
22	20702894	20703005	1	1	1	2	0	58
22	20703123	20703467	1	1	1	1	0	21
22	20703525	20703632	1	1	1	2	0	59
22	20708099	20709295	2	2	1	4	0	28
22	20709380	20709907	2	2	1	5	0	40
22	20709998	20710698	2	2	1	6	0	68
22	20711462	20712485	2	2	1	3	1	69
22	20712612	20712692	2	2	1	1	1	69
22	20712798	20713280	2	2	1	3	0	52
22	20713391	20714457	2	2	1	5	0	40
22	20714529	20714627	2	2	1	3	0	39
22	20714701	20717707	2	2	1	3	0	64
22	20717779	20718692	2	2	1	6	0	54
22	20718823	20721297	2	2	1	4	0	68
22	20721419	20726487	2	2	1	3	0	51
22	20726542	20727229	2	2	1	4	0	54
22	20727398	20727773	2	2	1	6	0	71
22	20727865	20729312	2	2	1	2	0	59
22	20729507	20729631	2	2	1	2	0	26
22	20729712	20729891	2	2	1	1	0	44
22	20730012	20732970	2	2	1	3	0	64
22	20733099	20733735	2	2	1	6	0	73
22	20733844	20734042	2	2	1	5	0	72
22	20734195	20734394	2	2	1	1	0	63
22	20734554	20742227	2	2	1	5	0	60
22	20742356	20742607	2	2	1	4	0	21
22	20742765	20744627	2	2	1	4	0	69
22	20744721	20747582	2	2	1	7	0	66
22	20747703	20749904	2	2	1	5	0	57
22	20749995	20751292	2	2	1	5	0	59
22	20751377	20751673	2	2	1	4	0	70
22	20751756	20752902	2	2	1	4	0	68
22	20753028	20753109	2	2	1	4	0	66
22	20753181	20761303	2	2	1	1	0	13
22	20761387	20764816	2	2	1	2	0	45
22	20764951	20765099	2	2	1	6	0	58
22	20765237	20765584	2	2	1	2	0	47
22	20765694	20793192	2	2	1	2	0	51
22	20780202	20783971	1	1	1	3	0	54
22	20786149	20786874	1	1	1	3	0	64
22	20793244	20796145	2	2	1	2	0	49
22	20796315	20798583	2	2	1	2	0	71
22	20798688	20799092	2	2	1	1	0	16
22	20799277	20799670	2	2	1	1	0	67
22	20799767	20801972	2	2	1	4	0	64
22	20802106	20803190	2	2	1	3	0	46
22	20803321	20804299	2	2	1	5	0	70
22	20805166	20807361	2	2	1	6	0	67
22	20813507	20818482	2	2	1	4	0	67
22	20818550	20819640	2	2	1	4	0	33
22	20834656	20838614	2	2	1	2	0	73
22	20838704	20858569	2	2	1	1	0	24
22	20838732	20858569	2	2	1	1	0	13
22	20859348	20870336	1	1	1	6	0	60
22	20870534	20881048	1	1	1	8	0	59
22	20881135	20883470	1	1	1	14	0	70
22	20883570	20887678	1	1	1	11	0	65
22	20918246	20933778	1	1	1	6	0	45
22	20934245	20949710	1	1	1	5	0	70
22	20976307	20976407	1	1	1	1	0	30
22	20976767	20976866	1	1	1	1	0	40
22	20976939	20977031	1	1	1	1	0	38
22	20980125	20983026	1	1	1	1	0	63
22	20982572	20983026	1	1	1	6	0	61
22	20983090	20985840	1	1	1	5	0	57
22	20985898	20987503	1	1	1	6	0	57
22	20987584	20988009	1	1	1	4	0	57
22	20988119	20988788	1	1	1	4	0	40
22	20988873	20989624	1	1	1	3	0	58
22	20989683	20990385	1	1	1	6	0	58
22	20990526	20991627	1	1	1	8	0	75
22	20991830	20992213	1	1	1	4	0	27
22	20992370	20992793	1	1	1	7	0	67
22	20992905	20993661	1	1	1	4	0	44
22	20993755	20993923	1	1	1	5	0	72
22	20994020	20994103	1	1	1	4	0	73
22	20994270	20994557	1	1	1	2	0	53
22	20994728	20994869	1	1	1	1	0	15
22	20995027	20995745	1	1	1	1	0	43
22	20995873	20995962	1	1	1	3	0	42
22	20996113	20996695	1	3	1	5	0	44
22	20996802	20996885	1	1	1	2	0	35
22	20996967	20997231	1	1	1	3	0	71
22	21000433	21000646	2	2	1	6	0	56
22	21000788	21001255	2	2	1	3	0	43
22	21001412	21001831	2	2	1	2	0	54
22	21001912	21002085	2	2	1	1	0	16
22	21002830	21002917	1	1	1	1	0	28
22	21406740	21428586	1	1	1	1	0	34
22	21473406	21474596	2	2	1	0	2	63
22	21474681	21475210	2	2	1	1	0	12
22	21475301	21476001	2	2	1	1	0	48
22	21476161	21476643	2	2	1	0	1	73
22	21476765	21477789	2	2	1	1	1	69
22	21477916	21477996	2	2	1	2	1	50
22	21478102	21478584	2	2	1	2	0	65
22	21478695	21479758	2	2	1	1	0	31
22	21479830	21479929	2	2	1	4	0	50
22	21480003	21483019	2	2	1	5	0	43
22	21483091	21484004	2	2	1	1	0	28
22	21484135	21486799	2	2	1	3	0	30
22	21486928	21487564	2	2	1	1	0	72
22	21567772	21592860	1	1	1	59	0	47
22	21592957	21610856	1	1	1	85	0	74
22	21611044	21621514	1	1	1	78	0	74
22	21628788	21629307	2	2	1	3	0	36
22	21629188	21629300	2	2	1	1	0	41
22	21629188	21629307	2	2	1	3	0	41
22	21629408	21629542	2	2	1	8	0	72
22	21629408	21629601	2	2	1	4	0	69
22	21629762	21629850	2	2	1	6	0	61
22	21642524	21642861	1	1	1	16	0	70
22	21643059	21643893	1	1	1	11	0	70
22	21666132	21669912	1	1	1	7	0	50
22	21669963	21670565	1	1	1	9	0	46
22	21670612	21670996	1	1	1	9	0	46
22	21671060	21672329	1	1	1	4	0	48
22	21672382	21675063	1	1	1	6	0	52
22	21675116	21681298	1	1	1	6	0	52
22	21681391	21682436	1	1	1	4	0	71
22	21682527	21683181	1	1	1	4	0	60
22	21683258	21684752	1	1	1	3	0	57
22	21684914	21686482	1	1	1	3	0	57
22	21686559	21686891	1	1	1	3	0	41
22	21686999	21687642	1	1	1	3	0	69
22	21687733	21688072	1	1	1	1	0	34
22	21688107	21688731	1	1	1	2	0	19
22	21688850	21693815	1	1	1	2	0	57
22	21693873	21694592	1	1	1	3	0	57
22	21694666	21694754	1	1	1	3	0	61
22	21694818	21694936	1	1	1	3	0	63
22	21695071	21695393	1	1	1	6	0	71
22	21764241	21769194	2	2	1	28	0	73
22	21769321	21772872	2	2	1	26	0	69
22	21772983	21785020	2	2	1	1	0	48
22	21772983	21788256	2	2	1	22	0	74
22	21788389	21788693	2	2	1	18	0	71
22	21788809	21799011	2	2	1	12	0	66
22	21799129	21805849	2	2	1	18	0	74
22	21806040	21807663	2	2	1	19	0	70
22	21807847	21867321	2	2	1	7	0	62
22	21923472	21925568	2	2	1	14	0	71
22	21925663	21931147	2	2	1	19	0	71
22	21931292	21933390	2	2	1	22	0	63
22	21933580	21934023	2	2	1	21	0	71
22	21934227	21939531	2	2	1	22	0	74
22	21939681	21945842	2	2	1	25	0	67
22	21946109	21952791	2	2	1	24	0	63
22	21958694	21959131	2	2	1	1	0	16
22	21959233	21959586	2	2	1	2	0	53
22	21959737	21960320	2	2	1	2	0	68
22	21960450	21962428	2	2	1	1	0	36
22	21962603	21962746	2	2	1	1	0	13
22	21962894	21963922	2	2	1	1	0	37
22	21964029	21964160	2	2	1	2	0	69
22	21964316	21965284	2	2	1	2	0	73
22	21965376	21967602	2	2	1	4	0	60
22	21967717	21968618	2	2	1	2	0	18
22	21968776	21970209	2	2	1	3	0	70
22	21970407	21971876	2	2	1	1	0	56
22	21971952	21972611	2	2	1	2	0	60
22	21972719	21974356	2	2	1	2	0	47
22	21974489	21975639	2	2	1	2	0	72
22	21975808	21982729	2	2	1	3	0	70
22	21976188	21982729	2	2	1	1	0	24
22	22115246	22117484	2	2	1	2	1	74
22	22298212	22303103	1	1	1	2	0	61
22	22298212	22303223	1	1	1	6	0	61
22	22303298	22303942	1	1	1	14	0	70
22	22304115	22306789	1	1	1	7	0	54
22	22304115	22306832	1	1	1	15	0	72
22	22304673	22307105	1	1	1	1	0	43
22	22307022	22307105	1	1	1	14	0	72
22	22307246	22307532	1	1	1	1	0	15
22	22308820	22309735	1	1	1	5	0	75
22	22309884	22310225	1	1	1	2	1	53
22	23182240	23253798	1	1	1	17	0	66
22	23253981	23260949	1	1	1	12	0	72
22	23261055	23261354	1	1	1	13	0	73
22	23261541	23268407	1	1	1	15	0	70
22	23261541	23271531	1	1	0	1	0	18
22	23268516	23271531	1	1	1	18	0	61
22	23271593	23273080	1	1	1	22	0	53
22	23273134	23273633	1	1	1	20	0	53
22	23273775	23283976	1	1	1	15	0	72
22	23284099	23285032	1	1	1	14	0	73
22	23285202	23287158	1	1	1	9	0	75
22	23287279	23288096	1	1	1	13	0	70
22	23288173	23289516	1	1	1	18	0	74
22	23289622	23290338	1	1	1	10	0	69
22	23290414	23292540	1	1	1	15	0	74
22	23292639	23295023	1	1	1	14	0	71
22	23295156	23309423	1	1	1	14	0	60
22	23309484	23310323	1	1	1	15	0	60
22	23310434	23311696	1	1	1	15	0	74
22	23311837	23312886	1	1	1	21	0	67
22	23313022	23313967	1	1	1	28	0	75
22	23314074	23314551	1	1	1	20	0	67
22	23314715	23315432	1	1	1	17	0	72
22	23660001	23683724	2	2	1	1	0	52
22	23683868	23686837	2	2	1	2	0	72
22	23686996	23690231	2	2	1	2	0	44
22	23695518	23705428	2	2	1	1	0	50
22	23705542	23709129	2	2	1	1	0	29
22	23711107	23740050	2	2	1	1	0	22
22	23714343	23715008	2	2	1	2	0	22
22	23715195	23717030	2	2	1	4	0	55
22	23766027	23766127	2	2	1	10	0	74
22	23779417	23780358	1	1	1	2	0	73
22	23780503	23780581	1	1	1	1	0	59
22	23780716	23780858	1	1	1	1	0	71
22	23781101	23781192	1	1	1	5	0	54
22	23781410	23782225	1	1	1	1	0	25
22	23782484	23783410	1	1	1	1	0	65
22	23787263	23791755	1	1	1	16	0	74
22	23791868	23793558	1	1	1	7	0	35
22	23791895	23793558	1	1	1	13	0	74
22	23793689	23800943	1	1	1	20	0	71
22	23801082	23803294	1	1	1	15	0	66
22	23803423	23816624	1	1	1	1	0	15
22	23803423	23816769	1	1	1	15	0	74
22	23816937	23825224	1	1	1	18	0	72
22	23825416	23833571	1	1	1	17	0	75
22	23833704	23834140	1	1	1	9	1	55
22	23857532	23862103	1	1	1	1	0	33
22	23862203	23868480	1	1	1	1	0	18
22	23877172	23882458	1	1	1	1	0	65
22	23894583	23894771	1	1	1	171	0	75
22	23894945	23895039	1	1	1	195	0	75
22	23907210	23937588	2	2	1	2	0	64
22	23937031	23937146	1	1	1	1	0	20
22	23957933	23958326	2	2	1	0	1	48
22	23958459	23958550	2	2	1	5	0	56
22	23958702	23960293	2	2	1	15	0	70
22	23960382	23961019	2	2	1	12	5	63
22	23967023	23967385	1	1	1	0	10	71
22	23971624	23973767	2	2	1	21	2	72
22	23973944	23974306	2	2	1	15	12	71
22	23980310	23980947	1	1	1	0	5	63
22	23983003	23983396	1	1	1	0	1	48
22	24035521	24036088	1	1	1	1	0	70
22	24036182	24038347	1	1	1	1	0	18
22	24038462	24041138	1	1	1	2	0	63
22	24038462	24042903	1	1	1	1	0	18
22	24041274	24042903	1	1	1	1	0	18
22	24043085	24049090	1	1	1	1	0	50
22	24050975	24054872	1	1	1	2	0	61
22	24055160	24056191	1	1	1	2	0	48
22	24056361	24059226	1	1	1	3	0	66
22	24059364	24059923	1	1	1	2	0	62
22	24060142	24061946	1	1	1	1	0	68
22	24064188	24066986	1	1	1	2	0	53
22	24067182	24070799	1	1	1	4	0	51
22	24071043	24072353	1	1	1	2	0	72
22	24072511	24076168	1	1	1	2	0	25
22	24076285	24083227	1	1	1	1	0	66
22	24084786	24085005	1	1	1	1	0	32
22	24085152	24087451	1	1	1	1	0	19
22	24091844	24095930	1	1	1	3	0	49
22	24096083	24098013	1	1	1	2	0	30
22	24098193	24113565	1	1	1	1	0	59
22	24113749	24119366	1	1	1	3	0	33
22	24119699	24134301	1	1	1	4	0	71
22	24134416	24164399	1	1	1	5	0	68
22	24156077	24164399	1	1	1	3	0	63
22	24164564	24165529	1	1	1	3	0	36
22	24165627	24166638	1	1	1	5	0	53
22	24167314	24168431	1	1	1	1	0	56
22	24167314	24168446	1	1	1	2	0	53
22	24168522	24171712	1	1	1	2	0	74
22	24171996	24177503	1	1	1	1	0	45
22	24176276	24177503	1	1	1	6	0	40
22	24220117	24224995	2	2	1	2	0	59
22	24225107	24225244	2	2	1	2	0	57
22	24225412	24225545	2	2	1	3	0	65
22	24225653	24226075	2	2	1	5	0	61
22	24226267	24226630	2	2	1	9	0	73
22	24226768	24231383	2	2	1	7	0	66
22	24231531	24232050	2	2	1	3	0	51
22	24231531	24233873	2	2	1	2	0	34
22	24232209	24232822	2	2	1	3	0	47
22	24233019	24233497	2	2	1	4	0	65
22	24233460	24233873	2	2	1	1	0	49
22	24233594	24233873	2	2	1	1	0	41
22	24234005	24244552	2	2	1	5	0	73
22	24270984	24276699	1	1	1	3	0	67
22	24270984	24302194	1	1	1	5	0	74
22	24276804	24302194	1	1	1	3	0	71
22	24302385	24311993	1	1	1	1	0	70
22	24302385	24313312	1	1	1	1	0	65
22	24313467	24321287	1	1	1	2	0	49
22	24317049	24317325	2	2	1	1	0	37
22	24322919	24324219	1	1	1	6	0	60
22	24324428	24328845	1	1	1	4	0	54
22	24328920	24330255	1	1	1	2	0	39
22	24330432	24334409	1	1	1	1	0	61
22	24334574	24338385	1	1	1	6	0	68
22	24338478	24347085	1	1	1	6	0	70
22	24347177	24363260	1	1	1	6	0	44
22	24363345	24365475	1	1	1	7	0	50
22	24365633	24369217	1	1	1	3	0	51
22	24411705	24412647	1	1	1	3	0	59
22	24412708	24414533	1	1	1	2	0	65
22	24467504	24485723	1	1	1	1	0	41
22	24543098	24543841	2	2	1	9	0	59
22	24544084	24546913	2	2	1	6	0	65
22	24547006	24547907	2	2	1	8	0	73
22	24548074	24548916	2	2	1	11	0	75
22	24549002	24554948	2	2	1	1	0	67
22	24549002	24555614	2	2	1	5	0	68
22	24556058	24557656	1	1	1	1	0	45
22	24556072	24557656	1	1	1	62	0	73
22	24557801	24567983	1	1	1	59	0	68
22	24557801	24571915	1	1	1	2	0	31
22	24568177	24571915	1	1	1	18	1	73
22	24573087	24574655	2	2	1	2	0	75
22	24580303	24588213	2	2	1	2	0	16
22	24588330	24589820	2	2	1	2	0	18
22	24686825	24690598	0	0	1	8	1	62
22	24691078	24691535	0	0	1	3	0	33
22	24840086	24840993	1	1	1	1	0	27
22	24850433	24854995	1	1	1	1	0	50
22	24952773	25014429	1	1	1	2	0	46
22	25014567	25025632	1	1	1	2	0	37
22	25029541	25032608	1	1	1	1	0	43
22	25041526	25049229	1	1	1	2	0	22
22	25170939	25174239	1	1	1	3	0	72
22	25174490	25177347	1	1	1	1	0	67
22	25177523	25181698	1	1	1	1	0	35
22	25181824	25184976	1	1	1	2	0	62
22	25185120	25190701	1	1	1	2	0	44
22	25190785	25192405	1	1	1	2	0	64
22	25278390	25278473	2	2	1	0	1	25
22	25360224	25375812	2	2	1	1	0	19
22	25376009	25381380	2	2	1	1	0	29
22	25440553	25455711	1	1	1	0	1	22
22	25448285	25453315	1	1	1	8	0	56
22	25448285	25455711	1	1	1	4	0	66
22	25453435	25455711	1	1	1	9	1	63
22	25455841	25456157	1	1	1	1	0	60
22	25455841	25457258	1	1	1	15	0	67
22	25456305	25457258	1	1	1	1	0	37
22	25457402	25459415	1	1	1	10	0	60
22	25565154	25604376	1	1	1	0	1	51
22	25604454	25644591	1	1	1	0	1	68
22	25648895	25649026	1	1	1	0	2	12
22	25674529	25678815	1	1	1	2	0	65
22	25685249	25687536	1	1	1	2	0	55
22	26434502	26442458	1	1	1	3	0	35
22	26442573	26443096	1	1	1	3	0	46
22	26453405	26457858	2	2	1	1	0	59
22	26458578	26463916	2	2	1	1	0	49
22	26464827	26465454	2	2	1	2	0	30
22	26465552	26466225	2	2	1	3	0	17
22	26466263	26468550	2	2	1	4	0	38
22	26468624	26470718	2	2	1	5	0	67
22	26472419	26472831	2	2	1	1	0	48
22	26472940	26476992	2	2	1	2	0	16
22	26477137	26479264	2	2	1	2	0	55
22	26477137	26481721	2	2	1	1	0	18
22	26479356	26481721	2	2	1	1	0	60
22	26482241	26483673	2	2	1	2	0	21
22	26482241	26483764	2	2	1	1	0	48
22	26484100	26486022	1	1	1	2	0	35
22	26486064	26488028	1	1	1	2	0	41
22	26488289	26488389	1	1	1	5	0	71
22	26488489	26490043	1	1	1	4	0	62
22	26490199	26491024	1	1	1	5	0	46
22	26491071	26491462	1	1	1	5	0	46
22	26492369	26494138	2	2	1	5	0	71
22	26494305	26494796	2	2	1	1	0	64
22	26494940	26496072	2	2	1	6	0	71
22	26496317	26496720	2	2	1	10	0	67
22	26496890	26498868	2	2	1	5	0	67
22	26503794	26506302	2	2	1	1	0	15
22	26506460	26506774	2	2	1	2	0	41
22	26506929	26510063	2	2	1	8	0	62
22	26510282	26510616	2	2	1	3	0	18
22	26510703	26512098	2	2	1	3	0	40
22	26512172	26512393	2	2	1	1	0	37
22	26512176	26512393	2	2	1	2	0	64
22	26513035	26513411	1	1	1	1	0	49
22	26526268	26528213	2	2	1	8	0	44
22	26528263	26532694	2	2	1	2	0	49
22	26532746	26536287	2	2	1	8	0	51
22	26536487	26540788	2	2	1	1	0	60
22	26541719	26544603	2	2	1	7	0	69
22	26544676	26590052	2	2	1	6	0	56
22	26611675	26654912	2	2	1	0	1	74
22	26726795	26738061	1	1	1	1	0	47
22	26738241	26774155	1	1	1	1	0	62
22	26774218	26776826	1	3	1	1	0	26
22	26776955	26778455	1	1	1	1	0	67
22	26778586	26779883	1	1	1	1	0	38
22	26887316	26887340	0	0	1	365	16	47
22	26997936	27006550	2	2	1	1	0	37
22	27853664	27854853	2	2	1	16	0	75
22	27854940	27858386	2	2	1	15	0	70
22	27858510	27860130	2	2	1	14	0	74
22	27860242	27873737	2	2	1	11	0	75
22	27873816	27894554	2	2	1	12	1	70
22	27894639	27896551	2	2	1	11	1	73
22	27897893	27910963	2	2	1	23	0	74
22	27911110	27914316	2	2	1	18	0	31
22	27914348	27919171	2	2	1	15	0	31
22	27922179	27924346	1	1	1	2	0	65
22	27922228	27924346	1	1	1	2	0	69
22	27983852	27985248	2	2	1	1	0	16
22	27990008	27992586	2	2	1	1	0	44
22	27992664	27993286	2	2	1	1	0	29
22	27996260	27998539	2	2	1	1	0	59
22	27999261	28001373	2	2	1	5	0	61
22	28001554	28014247	2	2	1	2	0	57
22	28038501	28088494	2	2	1	0	3	59
22	28038763	28088756	2	2	1	2	2	38
22	28096409	28098914	2	2	1	3	0	72
22	28099045	28101170	2	2	1	3	3	60
22	28101281	28105278	2	2	1	2	0	41
22	28168702	28196317	2	2	1	0	2	49
22	28168702	28214160	2	2	1	0	2	49
22	28296329	28297579	2	2	1	1	0	75
22	28297853	28306495	2	2	1	1	0	29
22	28392524	28392754	1	1	1	1	0	27
22	28695874	28696900	2	2	1	1	0	18
22	28696988	28699837	2	2	1	1	0	48
22	28699938	28703504	2	2	1	1	0	50
22	28710060	28711908	2	2	1	2	0	40
22	28712018	28719394	2	2	1	1	0	69
22	28719486	28724976	2	2	1	1	0	39
22	28725125	28725242	2	2	1	1	0	52
22	28725368	28734402	2	2	1	3	0	59
22	28730549	28734402	2	2	1	2	0	13
22	28734728	28741768	2	2	1	2	0	33
22	28742332	28743881	1	1	1	1	0	58
22	28742729	28743881	1	1	1	3	0	30
22	28743924	28744614	1	1	1	2	0	42
22	28743979	28744614	1	1	1	1	0	23
22	28744705	28745863	1	1	1	4	0	53
22	28773779	28780947	1	1	1	2	0	35
22	28781173	28783507	1	1	1	6	0	43
22	28783646	28786088	1	1	1	2	0	62
22	28795733	28796046	2	2	1	6	0	73
22	28796193	28797076	2	2	1	10	0	59
22	28797206	28799056	2	2	1	3	0	44
22	28799154	28800297	2	2	1	3	0	61
22	28987202	29042494	1	1	1	2	0	36
22	29042570	29043298	1	1	1	2	0	41
22	29043431	29044779	1	1	1	1	0	48
22	29044891	29046715	1	1	1	1	0	66
22	29048492	29049196	1	1	1	1	0	20
22	29260238	29260325	2	2	1	7	0	72
22	29260614	29260701	2	2	1	4	0	42
22	29260865	29263834	2	2	1	1	0	31
22	29264219	29265478	2	2	1	1	0	32
22	29265669	29267425	2	2	1	5	0	66
22	29267578	29267747	2	2	1	8	0	49
22	29267578	29268088	2	2	1	1	0	65
22	29268350	29272215	1	1	1	27	0	37
22	29272253	29272379	1	1	1	44	0	38
22	29272432	29273740	1	1	1	50	0	52
22	29273865	29278029	1	1	1	48	0	75
22	29278217	29282389	1	1	1	38	0	74
22	29278217	29286922	1	1	1	1	0	17
22	29282558	29286922	1	1	1	42	0	75
22	29287135	29288605	1	1	1	32	0	73
22	29288787	29291561	1	1	1	7	0	38
22	29288787	29291564	1	1	1	8	0	35
22	29291600	29292136	1	1	1	28	0	33
22	29292170	29292487	1	1	1	35	0	39
22	29292607	29296238	1	1	1	36	0	73
22	29296369	29297826	1	1	1	37	0	74
22	29297950	29298732	1	1	1	18	0	73
22	29298896	29299233	1	1	1	18	0	67
22	29299332	29299598	1	1	1	26	0	72
22	29299852	29300121	1	1	1	21	0	65
22	29308739	29310438	1	1	1	2	0	55
22	29310547	29310637	1	1	1	7	0	52
22	29310735	29310826	1	1	1	8	0	66
22	29310735	29310870	1	1	1	2	0	60
22	29310999	29311461	1	1	1	8	0	71
22	29328896	29330377	2	2	1	18	0	64
22	29330533	29330622	2	2	1	17	0	73
22	29330710	29331448	2	2	1	12	0	74
22	29331534	29331786	2	2	1	12	0	60
22	29331917	29334264	2	2	1	17	0	66
22	29334411	29338989	2	2	1	17	0	75
22	29339134	29340655	2	2	1	6	0	63
22	29340858	29341500	2	2	1	18	0	74
22	29341761	29342284	2	2	1	14	0	71
22	29342384	29349217	2	2	1	14	0	72
22	29347880	29349217	2	2	1	1	0	53
22	29349384	29350034	2	2	1	9	0	54
22	29350151	29351170	2	2	1	10	0	68
22	29351267	29351704	2	2	1	13	0	56
22	29351826	29354649	2	2	1	15	0	70
22	29354872	29356425	2	2	1	14	0	73
22	29356617	29358725	2	2	1	16	0	71
22	29358972	29359823	2	2	1	8	7	65
22	29359960	29363000	2	2	1	3	9	62
22	29359960	29419154	2	2	1	0	9	62
22	29363107	29367206	2	2	1	7	5	61
22	29363107	29423124	2	2	1	0	5	48
22	29367268	29388423	2	2	1	1	0	61
22	29367271	29388423	2	2	1	14	0	65
22	29419261	29423124	2	2	1	0	5	48
22	29502156	29526350	1	1	1	1	0	32
22	29508521	29511105	2	2	1	3	0	74
22	29511297	29512020	2	2	1	9	0	67
22	29512137	29517028	2	2	1	9	0	64
22	29517117	29517262	2	2	1	2	0	16
22	29517367	29519005	2	2	1	6	0	58
22	29519121	29520007	2	2	1	6	0	56
22	29520105	29520997	2	2	1	5	0	69
22	29521100	29525837	2	2	1	2	0	74
22	29525947	29528077	2	2	1	1	0	12
22	29528467	29529161	2	2	1	1	0	20
22	29529240	29531830	2	2	1	2	0	52
22	29531964	29536623	2	2	1	2	0	75
22	29536739	29539329	2	2	1	5	0	72
22	29539477	29542858	2	2	1	4	0	66
22	29542957	29543428	2	2	1	3	0	61
22	29543543	29544459	2	2	1	8	0	72
22	29544604	29549051	2	2	1	7	0	61
22	29549159	29550727	2	2	1	1	0	71
22	29549159	29553670	2	2	1	6	0	64
22	29550836	29553447	2	2	1	1	0	35
22	29550844	29553670	2	2	1	1	0	57
22	29556000	29558869	2	2	1	12	0	69
22	29558954	29560733	2	2	1	10	0	68
22	29560829	29561170	2	2	1	7	0	32
22	29561203	29561505	2	2	1	6	0	32
22	29561647	29561791	2	2	1	5	0	62
22	29561863	29569192	2	2	1	5	0	71
22	29569288	29570161	2	2	1	4	0	40
22	29570208	29570404	2	2	1	5	0	46
22	29570533	29580984	2	2	1	10	0	66
22	29604113	29636750	1	1	1	5	0	64
22	29636877	29639089	1	1	1	9	0	72
22	29639213	29642201	1	1	1	4	0	39
22	29642286	29654656	1	1	1	5	0	29
22	29644233	29644272	2	2	1	1	0	21
22	29654726	29655593	1	1	1	2	0	69
22	29655677	29658188	1	1	1	1	0	49
22	29658265	29661204	1	1	1	5	0	39
22	29661340	29664989	1	1	1	10	0	73
22	29665065	29668332	1	1	1	9	0	68
22	29668447	29671825	1	1	1	11	0	73
22	29671949	29673268	1	1	1	9	0	61
22	29673487	29674835	1	1	1	6	0	61
22	29674942	29678195	1	1	1	5	0	63
22	29678324	29681438	1	1	1	8	0	67
22	29678324	29694751	1	1	1	1	0	64
22	29681602	29683019	1	1	1	10	0	45
22	29681602	29694751	1	1	1	4	0	56
22	29683065	29694751	1	1	1	9	0	45
22	29731355	29738329	2	2	1	6	0	57
22	29738442	29740649	2	2	1	2	0	37
22	29740731	29742417	2	2	1	9	0	63
22	29742481	29748417	2	2	1	9	0	63
22	29748572	29766871	2	2	1	3	0	72
22	29748572	29766948	2	2	1	6	0	72
22	29754864	29766948	2	2	1	1	0	44
22	29755083	29791466	1	1	1	1	0	46
22	29767549	29769677	1	1	1	9	0	64
22	29767608	29769677	1	1	1	4	0	60
22	29789185	29790468	2	2	1	10	0	73
22	29790549	29792432	2	2	1	7	0	60
22	29792536	29793359	2	2	1	4	0	69
22	29793491	29793576	2	2	1	4	0	70
22	29793677	29800990	2	2	1	2	0	36
22	29801111	29801993	2	2	1	4	0	57
22	29802209	29804637	2	2	1	4	0	62
22	29804831	29806215	2	2	1	9	0	75
22	29806291	29806484	2	2	1	5	0	69
22	29806554	29806796	2	2	1	10	0	69
22	29806905	29808110	2	2	1	4	0	19
22	29806905	29813429	2	2	1	2	0	14
22	29813543	29814656	2	2	1	2	0	53
22	29814768	29816005	2	2	1	4	0	61
22	29816074	29822334	2	2	1	4	0	70
22	29822465	29825086	2	2	1	5	0	72
22	29825258	29825621	2	2	1	4	0	58
22	29825781	29832244	2	2	1	7	0	60
22	29832343	29834488	2	2	1	4	0	62
22	29832343	29838177	2	2	1	2	0	43
22	29834551	29838177	2	2	1	4	0	53
22	29858735	29858818	2	2	1	1	0	37
22	29883360	29957035	1	1	1	3	0	28
22	29957089	29970975	1	1	1	2	0	53
22	29978532	29978935	1	1	1	2	0	63
22	29991671	29998760	1	1	1	1	0	27
22	29998858	30002879	1	1	1	1	0	48
22	30002994	30007113	1	1	1	1	0	31
22	30007320	30007900	1	1	1	1	0	29
22	30008033	30009017	1	1	1	1	0	25
22	30012564	30013355	1	1	1	1	0	67
22	30013542	30016527	1	1	1	1	0	15
22	30016699	30017926	1	1	1	1	0	73
22	30018073	30019479	1	1	1	1	0	34
22	30286949	30287154	2	2	1	1	0	59
22	30287561	30288705	2	2	1	1	0	48
22	30288777	30289384	2	2	1	3	0	43
22	30288777	30290995	2	2	1	1	0	31
22	30294111	30294795	2	2	1	1	0	22
22	30295844	30299443	2	2	1	1	0	46
22	30299552	30304530	2	2	1	1	0	75
22	30334696	30335466	2	2	1	16	0	72
22	30335539	30335651	2	2	1	16	0	73
22	30335754	30337025	2	2	1	9	0	61
22	30337181	30337689	2	2	1	9	0	67
22	30337898	30338788	2	2	1	12	0	74
22	30339035	30339129	2	2	1	15	0	75
22	30339252	30340195	2	2	1	15	0	74
22	30340382	30340694	2	2	1	13	0	69
22	30340813	30341691	2	2	1	8	0	74
22	30341886	30342199	2	2	1	19	0	72
22	30342351	30342804	2	2	1	15	0	72
22	30342880	30344932	2	2	1	15	0	73
22	30345191	30346311	2	2	1	10	0	62
22	30346520	30352950	2	2	1	21	0	69
22	30353073	30356729	2	2	1	15	0	72
22	30372287	30373596	1	1	1	1	0	27
22	30379623	30379710	2	2	1	2	0	52
22	30379814	30380061	2	4	1	1	0	52
22	30380206	30380281	2	2	1	1	0	61
22	30380402	30384338	2	2	1	2	0	74
22	30384496	30385903	2	2	1	2	0	72
22	30386142	30386615	2	2	1	2	0	58
22	30386760	30387028	2	2	1	1	0	49
22	30397171	30399642	1	1	1	5	0	62
22	30399719	30406341	1	1	1	8	0	44
22	30406386	30407094	1	1	1	8	0	44
22	30407155	30407414	1	1	1	5	0	60
22	30407604	30409186	1	1	1	2	0	26
22	30409283	30409425	1	1	1	3	0	61
22	30409487	30410595	1	1	1	4	0	61
22	30410680	30415758	1	1	1	3	0	62
22	30415866	30415947	1	1	1	4	0	73
22	30416404	30422276	1	1	1	8	0	69
22	30424373	30424668	1	1	1	1	0	52
22	30425930	30426716	1	1	1	1	0	40
22	30425947	30426716	1	1	1	10	0	62
22	30426845	30427170	1	1	1	10	0	66
22	30426845	30428461	1	1	1	1	0	46
22	30427404	30428461	1	1	1	7	0	65
22	30577130	30578836	2	2	1	16	0	70
22	30578996	30579136	2	2	1	2	0	75
22	30578999	30579136	2	2	1	14	0	73
22	30579166	30580052	2	2	1	1	0	14
22	30579304	30579750	2	2	1	22	0	72
22	30579936	30580052	2	2	1	18	0	75
22	30580179	30580570	2	2	1	18	0	69
22	30580687	30581011	2	2	1	1	0	59
22	30580702	30581011	2	2	1	10	0	74
22	30581102	30581333	2	2	1	17	0	67
22	30581409	30581527	2	2	1	15	0	66
22	30581645	30584364	2	2	1	12	0	72
22	30584455	30584545	2	2	1	12	0	72
22	30584718	30587285	2	2	1	11	0	70
22	30587396	30588020	2	2	1	18	0	75
22	30588175	30589190	2	2	1	19	0	74
22	30589271	30591809	2	2	1	19	0	75
22	30589271	30592131	2	2	1	1	0	17
22	30592399	30598335	2	2	1	1	0	23
22	30607396	30610870	1	1	1	4	0	72
22	30611064	30612872	1	1	1	4	0	46
22	30612336	30650119	1	1	1	1	0	40
22	30613043	30614348	1	1	1	6	0	64
22	30614502	30615300	1	1	1	12	0	50
22	30615474	30615600	1	1	1	7	0	55
22	30615788	30617329	1	1	1	15	0	60
22	30617481	30622967	1	1	1	1	0	31
22	30617496	30622967	1	1	1	11	0	49
22	30623084	30626459	1	1	1	20	0	66
22	30663729	30663838	2	2	1	1	0	34
22	30664081	30667461	2	2	1	6	0	73
22	30665122	30667461	2	2	1	2	0	30
22	30893734	30893816	1	1	1	1	0	45
22	30926872	30928018	2	2	1	2	0	24
22	30928208	30932358	2	2	1	2	0	39
22	30932453	30932544	2	2	1	7	0	73
22	30932770	30932888	2	2	1	3	0	53
22	30933031	30933465	2	2	1	4	0	55
22	30933521	30934059	2	2	1	6	0	55
22	30935162	30935247	2	2	1	7	0	63
22	30935323	30936510	2	2	1	4	0	63
22	30936644	30936931	2	2	1	5	0	71
22	30937038	30937582	2	2	1	5	0	63
22	30937712	30937814	2	2	1	4	0	39
22	30937970	30938064	2	2	1	4	0	63
22	30938206	30939620	2	2	1	4	0	50
22	30939707	30939958	2	2	1	3	0	61
22	30940042	30940757	2	2	1	4	0	73
22	30940838	30941432	2	2	1	4	0	53
22	30941559	30941890	2	2	1	5	0	70
22	30942003	30942111	2	2	1	3	0	68
22	30942272	30946340	2	2	1	6	0	60
22	30946450	30949751	2	2	1	4	0	58
22	30949843	30950376	2	2	1	3	0	69
22	30950446	30956762	2	2	1	4	0	35
22	30950461	30956762	2	2	1	1	0	35
22	30956798	30958640	2	2	1	4	0	35
22	30958695	30967821	2	2	1	5	0	54
22	30971611	30972854	1	1	1	1	0	74
22	30971780	30972854	1	1	1	3	0	48
22	30973588	30975169	1	1	1	3	0	32
22	30973588	30975212	1	1	1	1	0	51
22	30973602	30975169	1	1	1	8	0	71
22	31027146	31027673	1	1	1	0	1	42
22	31081457	31083178	1	1	1	24	0	74
22	31083310	31087964	1	1	1	23	0	70
22	31088114	31088453	1	1	1	1	0	53
22	31088114	31088512	1	1	1	12	0	59
22	31088607	31088698	1	1	1	17	0	72
22	31088778	31088871	1	1	1	24	0	74
22	31088778	31089762	1	1	1	1	0	47
22	31088970	31089698	1	1	1	14	0	73
22	31090020	31090107	1	1	1	9	0	63
22	31090181	31090807	1	1	1	11	0	72
22	31090880	31090960	1	1	1	16	0	64
22	31091483	31091674	1	1	1	12	0	65
22	31091848	31095302	1	1	1	10	1	70
22	31095456	31095533	1	1	1	12	1	74
22	31095610	31096732	1	1	1	17	0	74
22	31095610	31097268	1	1	1	1	0	66
22	31096898	31096997	1	1	1	16	0	63
22	31097061	31097268	1	1	1	14	0	58
22	31097339	31098666	1	1	1	19	0	69
22	31098841	31099061	1	1	1	24	0	67
22	31099180	31099744	1	1	1	14	0	68
22	31099897	31100884	1	1	1	6	0	68
22	31101050	31104315	1	1	1	9	0	65
22	31105129	31105207	2	2	1	14	0	66
22	31105287	31105657	2	2	1	13	0	35
22	31105693	31105929	2	2	1	14	0	35
22	31105966	31107376	2	2	1	11	0	36
22	31106116	31107376	2	2	1	2	0	72
22	31160304	31176261	1	1	1	1	0	43
22	31160304	31187046	1	1	1	5	0	69
22	31187271	31192683	1	1	1	4	0	19
22	31192703	31195468	1	1	1	3	0	19
22	31195582	31196935	1	1	1	5	0	56
22	31196991	31201497	1	1	1	2	0	55
22	31201616	31204488	1	1	1	1	0	13
22	31205005	31205376	1	1	1	1	0	63
22	31212425	31225719	1	1	1	2	0	65
22	31212425	31258290	1	1	1	1	0	53
22	31225820	31248384	1	1	1	1	0	46
22	31225820	31258290	1	1	1	2	0	66
22	31235637	31258290	1	1	1	2	0	69
22	31258427	31259120	1	1	1	5	0	64
22	31259231	31259888	1	1	1	5	0	61
22	31260078	31262133	1	1	1	5	0	53
22	31262240	31262594	1	1	1	7	0	71
22	31262792	31265945	1	1	1	6	0	71
22	31266133	31266983	1	1	1	3	0	69
22	31267071	31267775	1	1	1	2	0	66
22	31267908	31268143	1	1	1	4	0	57
22	31268201	31271135	1	1	1	7	0	57
22	31271202	31272529	1	1	1	5	0	66
22	31272705	31273451	1	1	1	6	0	47
22	31273508	31275150	1	1	1	5	0	56
22	31275309	31276788	1	1	1	1	0	69
22	31275309	31278296	1	1	1	5	0	61
22	31289700	31290964	2	2	1	2	0	30
22	31291085	31291179	2	2	1	2	0	36
22	31291297	31292274	2	2	1	1	0	32
22	31328860	31335691	2	2	1	1	0	73
22	31335864	31342896	2	2	1	1	0	64
22	31341684	31342896	2	2	1	1	0	14
22	31342961	31344331	2	2	1	4	0	32
22	31399726	31400619	1	1	1	11	0	73
22	31400744	31403028	1	1	1	16	0	73
22	31403205	31411011	1	1	1	9	0	51
22	31411082	31420255	1	1	1	15	0	68
22	31420426	31423279	1	1	1	9	0	48
22	31423411	31426614	1	1	1	13	0	71
22	31426783	31427059	1	1	1	8	0	74
22	31427183	31433871	1	1	1	9	0	74
22	31440122	31440703	2	2	1	5	0	55
22	31440869	31441773	2	2	1	2	0	53
22	31442100	31442961	2	2	1	1	0	25
22	31442119	31442961	2	2	1	2	0	44
22	31443095	31444605	2	2	1	1	0	18
22	31444691	31447425	2	2	1	2	0	70
22	31447566	31448152	2	2	1	2	0	52
22	31448233	31449347	2	2	1	2	0	61
22	31450361	31454143	2	2	1	2	0	24
22	31454377	31455135	2	2	1	2	0	52
22	31455316	31455851	2	2	1	4	0	42
22	31458651	31462931	2	2	1	3	0	37
22	31463134	31463680	2	2	1	3	0	68
22	31463968	31468174	2	2	1	2	0	54
22	31468303	31471843	2	2	1	2	0	66
22	31471918	31488622	2	2	1	3	0	63
22	31488746	31489904	2	2	1	1	0	29
22	31550349	31556941	1	1	1	3	0	74
22	31557060	31561289	1	1	1	3	0	28
22	31561393	31573057	1	1	1	3	0	19
22	31573215	31575230	1	1	1	1	0	72
22	31602786	31603743	1	1	1	1	0	21
22	31603820	31604308	1	1	1	1	0	53
22	31604405	31604868	1	1	1	1	0	62
22	31606431	31607936	1	1	1	1	0	63
22	31608034	31611142	1	1	1	1	0	52
22	31611841	31613141	1	1	1	2	0	51
22	31613217	31613353	1	1	1	2	0	24
22	31613531	31613601	1	1	1	1	0	23
22	31614861	31615047	1	1	1	1	0	42
22	31619837	31620552	2	2	1	5	0	74
22	31620714	31620995	2	2	1	9	0	71
22	31621143	31621333	2	2	1	4	0	50
22	31621473	31621648	2	2	1	3	0	42
22	31621886	31623683	2	2	1	3	0	69
22	31623850	31625762	2	2	1	1	0	42
22	31648277	31650698	2	2	1	5	0	74
22	31650779	31662143	2	2	1	2	0	74
22	31685804	31688155	2	2	1	5	0	71
22	31701763	31703549	2	2	1	1	0	68
22	31704727	31712082	2	2	1	1	0	12
22	31725924	31763243	2	4	1	1	0	24
22	31738912	31749992	2	2	1	1	0	36
22	31753997	31754861	1	1	1	1	0	23
22	31765061	31766584	1	1	1	1	0	67
22	31784876	31792032	1	1	1	2	0	32
22	31792103	31792744	1	1	1	3	0	49
22	31792818	31797599	1	1	1	2	0	28
22	31797704	31798581	1	1	1	4	0	51
22	31798657	31802703	1	1	1	4	0	67
22	31802839	31804161	1	1	1	2	0	60
22	31804224	31804841	1	1	1	2	0	28
22	31804916	31806121	1	1	1	3	0	70
22	31806192	31809610	1	1	1	3	0	29
22	31810642	31814991	1	1	1	1	0	42
22	31814065	31844155	1	1	1	2	0	22
22	31815213	31819021	1	1	1	2	0	29
22	31819226	31821501	1	1	1	1	0	54
22	31822791	31833914	1	1	1	1	0	40
22	31833981	31836998	1	1	1	1	0	66
22	31845238	31846833	1	1	1	2	0	65
22	31846968	31857444	1	1	1	1	0	52
22	31893752	31897481	1	1	1	1	0	55
22	31897654	31901741	1	1	1	1	0	31
22	31944821	31956138	1	1	1	24	0	73
22	32388100	32392239	2	2	1	15	0	68
22	32392360	32393891	2	2	1	9	0	75
22	32394003	32395025	2	2	1	14	0	74
22	32395215	32396073	2	2	1	13	0	71
22	32396250	32397940	2	2	1	13	1	71
22	32398101	32399602	2	2	1	8	0	49
22	32399760	32401746	2	2	1	21	0	74
22	32401904	32406661	2	2	1	12	0	71
22	32406762	32408174	2	2	1	14	0	68
22	32408243	32408754	2	2	1	14	0	68
22	32408834	32412063	2	2	1	5	0	71
22	32475125	32478980	1	1	1	9	0	62
22	32475125	32479132	1	1	1	1	0	45
22	32479276	32483896	1	1	1	15	0	52
22	32484125	32485067	1	1	1	8	0	68
22	32485210	32487744	1	1	1	5	0	61
22	32487829	32491085	1	1	1	9	0	72
22	32491182	32493104	1	1	1	11	0	74
22	32493282	32495492	1	1	1	17	0	38
22	32495531	32498143	1	1	1	21	0	38
22	32703379	32713570	2	4	1	2	0	20
22	32802123	32849451	1	1	1	1	0	25
22	32849535	32857248	1	1	1	2	0	42
22	32857361	32858016	1	1	1	4	0	67
22	32858139	32859179	1	1	1	2	0	54
22	33224239	33318207	2	4	1	2	0	17
22	33277256	33283201	2	2	1	1	0	74
22	33283349	33304228	2	2	1	1	0	38
22	33316249	33337645	2	2	1	2	0	67
22	33337802	33381918	2	2	1	1	0	65
22	33604559	33626243	2	2	1	1	0	53
22	33679815	33686515	2	4	1	1	0	45
22	33856803	33919994	2	2	1	3	0	17
22	34625873	34625917	2	2	1	0	3	18
22	34625873	34626112	2	2	1	0	3	17
22	34626743	34626828	2	2	1	2	1	33
22	35179302	35369189	2	2	1	3	0	50
22	35257558	35262322	1	1	1	1	0	60
22	35262422	35263077	1	1	1	1	0	49
22	35284044	35285996	1	1	1	3	0	30
22	35286062	35287346	1	1	1	4	0	61
22	35287453	35288237	1	1	1	2	0	73
22	35288408	35292991	1	1	1	2	0	69
22	35293115	35293606	1	1	1	3	0	68
22	35299981	35317876	1	1	1	7	0	67
22	35317962	35321958	1	1	1	4	0	41
22	35322038	35323027	1	1	1	2	0	41
22	35323178	35323495	1	1	1	3	0	45
22	35323915	35327270	1	1	1	5	0	72
22	35327388	35330346	1	1	1	6	0	43
22	35330481	35332980	1	1	1	1	0	34
22	35333015	35333403	1	1	1	2	0	34
22	35333498	35334327	1	1	1	2	0	54
22	35334449	35338712	1	1	1	3	0	64
22	35346970	35347054	1	1	1	2	0	41
22	35381197	35383105	1	3	1	4	0	74
22	35383227	35386684	1	1	1	4	0	55
22	35387177	35389863	1	1	1	7	0	54
22	35389964	35393467	1	1	1	10	0	62
22	35400209	35400430	1	1	1	21	0	67
22	35400606	35403206	1	1	1	25	0	59
22	35403334	35403413	1	1	1	13	0	73
22	35403543	35406552	1	1	1	14	0	75
22	35406726	35408407	1	1	1	13	0	72
22	35408564	35410743	1	1	1	7	0	66
22	35410911	35412509	1	1	1	9	0	74
22	35412682	35413874	1	1	1	15	0	65
22	35413987	35415828	1	1	1	11	0	73
22	35415973	35416338	1	1	1	14	0	66
22	35416405	35416637	1	1	1	13	0	66
22	35416815	35417743	1	1	1	13	0	66
22	35417857	35419883	1	1	1	8	0	38
22	35420013	35421317	1	1	1	10	0	67
22	35421461	35423213	1	1	1	7	0	64
22	35423342	35424153	1	1	1	13	0	64
22	35656476	35658614	1	1	1	1	0	14
22	35744250	35745922	2	2	1	9	0	73
22	35745996	35746472	2	2	1	6	0	46
22	35746562	35756104	2	2	1	12	0	40
22	35756145	35759887	2	2	1	11	0	40
22	35760021	35761201	2	2	1	6	0	69
22	35761295	35761414	2	2	1	9	0	55
22	35761469	35765422	2	2	1	15	0	54
22	35765484	35768256	2	2	1	17	0	61
22	35768350	35778024	2	2	1	12	0	54
22	35778076	35781599	2	2	1	2	0	51
22	35778079	35781599	2	2	1	9	0	54
22	35781744	35809779	2	2	1	11	0	75
22	35781747	35809779	2	2	1	6	0	69
22	35810005	35840191	2	2	1	3	0	71
22	35810005	35840347	2	2	1	1	0	41
22	35810005	35938846	2	2	1	5	0	51
22	35938898	36028239	2	2	1	4	0	51
22	36142059	36145472	2	2	1	2	0	74
22	36145600	36149045	2	2	1	3	0	39
22	36145603	36160668	2	2	1	1	0	14
22	36149143	36160668	2	2	1	1	0	14
22	36149372	36160668	2	2	1	2	0	62
22	36228281	36231339	2	2	1	3	0	59
22	36231467	36233152	2	2	1	5	0	60
22	36233242	36233401	2	2	1	3	0	55
22	36233456	36236595	2	2	1	1	0	15
22	36233456	36239440	2	2	1	2	0	47
22	36253220	36254936	1	1	1	1	0	39
22	36257137	36257318	1	1	1	1	0	38
22	36257408	36261595	1	1	1	3	0	67
22	36260991	36281725	1	1	1	1	0	14
22	36261723	36265150	1	1	1	2	0	61
22	36282786	36284092	2	2	1	163	0	75
22	36284266	36284402	2	2	1	185	0	74
22	36284512	36285120	2	2	1	161	3	73
22	36285330	36285657	2	2	1	148	3	75
22	36285782	36285864	2	2	1	123	0	72
22	36285954	36286717	2	2	1	160	1	75
22	36286847	36288251	2	2	1	137	1	74
22	36288414	36288726	2	2	1	151	0	74
22	36288940	36289084	2	2	1	123	1	75
22	36289298	36291985	2	2	1	128	0	73
22	36292235	36293328	2	2	1	170	2	72
22	36293482	36293758	2	2	1	103	0	74
22	36293864	36294091	2	2	1	112	0	74
22	36294254	36294970	2	2	1	1	0	69
22	36294299	36294931	2	2	1	149	2	75
22	36295077	36295504	2	2	1	148	2	75
22	36295718	36296842	2	2	1	137	1	74
22	36297015	36298918	2	2	1	119	0	75
22	36299043	36300126	2	2	1	118	0	72
22	36300265	36300850	2	2	1	103	0	74
22	36301058	36301533	2	2	1	99	0	74
22	36301666	36302567	2	2	1	110	0	74
22	36302677	36303994	2	2	1	84	0	74
22	36304156	36305032	2	2	1	138	0	72
22	36305103	36305929	2	2	1	97	0	70
22	36306052	36306413	2	2	1	105	0	75
22	36306608	36309281	2	2	1	81	0	73
22	36309397	36312048	2	2	1	92	1	75
22	36312223	36314144	2	2	1	93	0	75
22	36314319	36316516	2	2	1	107	0	69
22	36316670	36318206	2	2	1	102	0	73
22	36318326	36319539	2	2	1	115	0	75
22	36319636	36320219	2	2	1	94	0	74
22	36320364	36320797	2	2	1	132	0	74
22	36320897	36321757	2	2	1	94	0	64
22	36321822	36322428	2	2	1	65	0	64
22	36322522	36326567	2	2	1	80	0	74
22	36326662	36327460	2	2	1	77	0	28
22	36327489	36341369	2	2	1	94	0	28
22	36341527	36348903	2	2	1	86	0	75
22	36349256	36387806	2	2	1	99	0	75
22	36395678	36441308	2	2	1	1	0	21
22	36466333	36467140	2	2	1	1	0	51
22	36467918	36476732	2	2	1	25	0	75
22	36467918	36480574	2	2	1	1	0	63
22	36476857	36480574	2	2	1	17	0	72
22	36480838	36481563	2	2	1	14	0	64
22	36496209	36497990	2	2	1	1	0	61
22	36498157	36501240	2	2	1	1	0	28
22	36501408	36504097	2	2	1	3	0	57
22	36504368	36504514	2	2	1	1	0	18
22	36504767	36505895	2	2	1	1	0	52
22	36506424	36507008	2	2	1	1	0	35
22	36511001	36511502	2	2	1	13	0	69
22	36511787	36512459	2	2	1	33	0	74
22	36512603	36516477	2	2	1	27	0	71
22	36516608	36516704	2	2	1	24	0	75
22	36516791	36517300	2	2	1	16	0	64
22	36517432	36518762	2	2	1	45	0	72
22	36518911	36519404	2	2	1	47	0	68
22	36519538	36520575	2	2	1	44	0	71
22	36520689	36523208	2	2	1	35	0	73
22	36523282	36523894	2	2	1	28	0	73
22	36523981	36524595	2	2	1	39	0	74
22	36524733	36525663	2	2	1	52	0	46
22	36525710	36525998	2	2	1	38	0	46
22	36526132	36528791	2	2	1	1	0	42
22	36526132	36529075	2	2	1	25	0	74
22	36758410	36762903	2	2	1	1	0	16
22	36764037	36766137	2	4	1	2	0	55
22	36766198	36767305	2	2	1	2	0	60
22	36767366	36767782	2	2	1	3	0	55
22	36767863	36775673	2	2	1	4	0	52
22	36913678	36922035	1	1	1	8	0	34
22	36922284	36923243	1	1	1	12	0	55
22	36923368	36925986	1	1	1	8	0	71
22	36923368	36929401	1	1	1	1	0	34
22	36926178	36929401	1	1	1	10	0	55
22	36929560	36929638	1	1	1	7	0	73
22	36929808	36930374	1	1	1	7	0	62
22	36930511	36930672	1	1	1	3	0	50
22	36930831	36932764	1	1	1	8	0	73
22	36932905	36933831	1	1	1	11	0	71
22	36933995	36935350	1	1	1	11	0	63
22	36935442	36935629	1	1	1	16	0	58
22	36935688	36936548	1	1	1	13	0	58
22	36935688	36937376	1	1	1	1	0	34
22	36936653	36937376	1	1	1	5	0	50
22	37011326	37018137	2	2	1	6	0	58
22	37018754	37019399	2	2	1	5	0	34
22	37024811	37029215	1	1	1	21	0	71
22	37051950	37053099	1	1	1	4	0	70
22	37053209	37056319	1	1	1	3	0	62
22	37056412	37057397	1	1	1	3	0	24
22	37057494	37059312	1	1	1	5	0	64
22	37059439	37060822	1	1	1	5	0	63
22	37060923	37062524	1	1	1	1	0	21
22	37061630	37062524	1	1	1	1	0	59
22	37180868	37182151	2	2	1	1	0	51
22	37182736	37185217	2	2	1	2	0	49
22	37185456	37188162	2	2	1	4	0	72
22	37226040	37226670	2	2	1	27	0	73
22	37226804	37227767	2	2	1	2	0	37
22	37226804	37231230	2	2	1	23	0	70
22	37227829	37231230	2	2	1	2	0	52
22	37231391	37231931	2	2	1	26	0	64
22	37231995	37232800	2	2	1	29	0	63
22	37232919	37241586	2	2	1	24	0	72
22	37241659	37244113	2	2	1	25	0	73
22	37241659	37244134	2	2	1	2	0	67
22	37465719	37472442	2	2	1	1	0	66
22	37470030	37472442	2	2	1	34	0	74
22	37472529	37474511	2	2	1	27	0	70
22	37474678	37476895	2	2	1	47	0	70
22	37476982	37479344	2	2	1	30	0	62
22	37479499	37480196	2	4	1	28	0	72
22	37480300	37480720	2	2	1	29	0	50
22	37480300	37485915	2	2	1	1	0	69
22	37480300	37485922	2	2	1	3	0	46
22	37480770	37485922	2	2	1	22	0	49
22	37481954	37484237	2	2	1	1	0	28
22	37491394	37491754	2	2	1	5	0	71
22	37491868	37492434	2	2	1	4	0	64
22	37491871	37492434	2	2	1	1	0	19
22	37492551	37492643	2	2	1	8	0	74
22	37492803	37494085	2	2	1	3	0	32
22	37494189	37495516	2	2	1	4	0	51
22	37495587	37495759	2	2	1	4	0	35
22	37496004	37496448	2	2	1	4	0	68
22	37496561	37497018	2	2	1	8	0	59
22	37497179	37502601	2	2	1	3	0	62
22	37502726	37503184	2	2	1	3	0	29
22	37503214	37504185	2	2	1	9	0	30
22	37504302	37504634	2	2	1	8	0	46
22	37504770	37506191	2	2	1	11	0	75
22	37506384	37507828	2	2	1	2	0	46
22	37508683	37510211	2	2	1	2	0	41
22	37510422	37515972	2	2	1	2	0	61
22	37516299	37517970	2	2	1	4	0	60
22	37518109	37518965	2	2	1	6	0	67
22	37519218	37519342	2	2	1	1	0	19
22	37560589	37565599	1	1	1	2	0	58
22	37560589	37566071	1	1	1	35	0	75
22	37560589	37568107	1	1	1	1	0	69
22	37566813	37568107	1	1	1	31	0	72
22	37608904	37614189	1	1	1	1	0	60
22	37608984	37613023	1	1	1	1	0	72
22	37609361	37614193	1	1	1	1	0	41
22	37614275	37616921	1	1	1	3	0	71
22	37616998	37618447	1	1	1	1	0	15
22	37618547	37620237	1	1	1	5	0	61
22	37620362	37620812	1	1	1	3	0	42
22	37620914	37621615	1	1	1	3	0	43
22	37621697	37623326	1	1	1	3	0	74
22	37623468	37623551	1	1	1	6	0	74
22	37623634	37624968	1	1	1	3	0	55
22	37625077	37625796	1	1	1	2	0	56
22	37625950	37629461	1	1	1	1	0	14
22	37631100	37631995	1	1	1	2	0	22
22	37632516	37632600	1	1	1	1	0	69
22	37639847	37641125	1	1	1	1	0	18
22	37641169	37641373	1	1	1	1	0	32
22	37641479	37642538	1	1	1	1	0	13
22	37646930	37647266	1	1	1	1	0	29
22	37647349	37647440	1	1	1	1	0	39
22	37648436	37650151	1	1	1	2	0	75
22	37650726	37653778	1	1	1	1	0	70
22	37659357	37665554	1	1	1	4	0	51
22	37675712	37676855	1	1	1	2	0	63
22	37675712	37676985	1	1	1	439	0	70
22	37677066	37678375	1	1	1	4	0	15
22	37677066	37678482	1	1	1	529	0	74
22	37677066	37679602	1	1	1	4	0	69
22	37678655	37679602	1	1	1	340	0	75
22	37686476	37687909	1	1	1	1	0	72
22	37688016	37688311	1	1	1	2	0	49
22	37688361	37688849	1	1	1	2	0	49
22	37688792	37688854	1	3	1	1	0	35
22	37688993	37690696	1	1	1	1	0	19
22	37690795	37691173	1	1	1	4	1	71
22	37691425	37693331	1	1	1	1	0	23
22	37746421	37751771	1	1	1	5	0	57
22	37751829	37754876	1	1	1	6	0	57
22	37754985	37755100	1	1	1	15	0	64
22	37754985	37755104	1	1	1	2	0	62
22	37755191	37755549	1	1	1	26	0	70
22	37755221	37755549	1	1	1	1	0	71
22	37755660	37757612	1	1	1	25	0	72
22	37758139	37759153	1	1	1	25	0	71
22	37759265	37765669	1	1	1	18	0	60
22	37765818	37768073	1	1	1	39	0	74
22	37768177	37769027	1	1	1	21	0	65
22	37769188	37769261	1	1	1	20	0	72
22	37769376	37771649	1	1	1	17	0	70
22	37771737	37772600	1	1	1	14	0	73
22	37772765	37773782	1	1	1	17	0	72
22	37807092	37807359	1	1	1	1	0	16
22	37808164	37810026	1	1	1	4	0	64
22	37810158	37812886	1	1	1	7	0	68
22	37812989	37813462	1	1	1	4	0	54
22	37813610	37815125	1	1	1	2	0	70
22	37815281	37815417	1	1	1	1	0	55
22	37815501	37815662	1	1	1	3	0	26
22	37815835	37816199	1	1	1	2	0	61
22	37816322	37816566	1	1	1	6	0	71
22	37832018	37832636	2	2	1	6	0	58
22	37832745	37832957	2	2	1	5	0	70
22	37833083	37833158	2	2	1	3	0	52
22	37833207	37833683	2	2	1	1	0	13
22	37833751	37838499	2	2	1	1	0	44
22	37833756	37838499	2	2	1	1	0	65
22	37836382	37856779	1	1	1	0	1	44
22	37838594	37840186	2	2	1	1	0	12
22	37849483	37850014	1	1	1	39	0	49
22	37850064	37851279	1	1	1	53	0	50
22	37851491	37855564	1	1	1	46	0	74
22	37855645	37858678	1	1	1	36	0	63
22	37858741	37862968	1	1	1	70	0	63
22	37863039	37863271	1	1	1	75	0	70
22	37863346	37870175	1	1	1	45	0	74
22	37870348	37874369	1	1	1	46	0	73
22	37874525	37875840	1	1	1	30	0	70
22	37876012	37877673	1	1	1	55	0	75
22	37878172	37886764	1	1	1	30	0	67
22	37886846	37888425	1	1	1	28	0	74
22	37906569	37911951	1	1	1	3	0	49
22	37912001	37912350	1	1	1	4	0	34
22	37912493	37917706	1	1	1	3	0	45
22	37917796	37919035	1	1	1	4	0	66
22	37919179	37921971	1	1	1	4	0	62
22	37922427	37924659	1	1	1	7	0	58
22	37924718	37925660	1	1	1	7	0	58
22	37926044	37927410	1	1	1	4	0	69
22	37927827	37931798	1	1	1	7	0	66
22	37931934	37932552	1	1	1	5	0	67
22	37932680	37932797	1	1	1	4	0	71
22	37932889	37933038	1	1	1	3	0	50
22	37933113	37937079	1	1	1	3	0	55
22	37937195	37937745	1	1	1	6	0	47
22	37937793	37940708	1	1	1	7	0	47
22	37937820	37940708	1	1	1	1	0	70
22	37953808	37956772	1	1	1	33	0	70
22	37956843	37959345	1	1	1	28	0	70
22	37958472	37959345	1	1	1	3	0	68
22	37959477	37967098	1	1	1	21	0	73
22	37967171	37967624	1	1	1	14	0	65
22	38057437	38057752	1	1	1	2	0	50
22	38057851	38059233	1	1	1	2	0	51
22	38059346	38065001	1	1	1	2	0	65
22	38065131	38067703	1	1	1	4	0	59
22	38069123	38070837	1	1	1	5	0	54
22	38070892	38071681	1	1	1	3	0	54
22	38071745	38072476	1	1	1	1	0	12
22	38072611	38072999	1	1	1	2	0	37
22	38073093	38073772	1	1	1	1	0	20
22	38074452	38074863	1	1	1	1	0	31
22	38202213	38213822	1	1	1	13	0	62
22	38202239	38213822	1	1	1	2	0	56
22	38213890	38214419	1	1	1	16	0	67
22	38221711	38222641	2	2	1	3	0	21
22	38221711	38224784	2	2	1	16	0	73
22	38221747	38224784	2	2	1	2	0	12
22	38222663	38224784	2	2	1	3	0	21
22	38224980	38225423	2	2	1	13	0	70
22	38225594	38226778	2	2	1	21	0	71
22	38226871	38230668	2	2	1	16	0	72
22	38230745	38231243	2	2	1	11	0	74
22	38231335	38245934	2	2	1	10	0	75
22	38246101	38247769	2	2	1	15	0	73
22	38248020	38272883	2	2	1	7	0	55
22	38291006	38291434	1	3	1	4	0	67
22	38291939	38293254	2	2	1	9	0	42
22	38293320	38294108	2	2	1	10	0	62
22	38294249	38294341	2	2	1	14	0	72
22	38294535	38298785	2	2	1	6	0	72
22	38295448	38298785	2	2	1	2	0	45
22	38296687	38298785	2	2	1	1	0	45
22	38297999	38298093	2	2	1	3	0	71
22	38298204	38298785	2	2	1	1	0	29
22	38298935	38299894	2	2	1	17	0	75
22	38300066	38300723	2	2	1	12	0	71
22	38300953	38302860	2	2	1	20	0	73
22	38303010	38303137	2	2	1	13	0	65
22	38303249	38314081	2	2	1	10	0	74
22	38314170	38317159	2	2	1	3	0	61
22	38361561	38380369	2	2	1	1	0	54
22	38380424	38380936	2	2	1	1	0	54
22	38380991	38398437	2	2	1	1	0	39
22	38468325	38474522	1	1	1	15	0	73
22	38474624	38479592	1	1	1	5	0	41
22	38479752	38481211	1	1	1	6	0	51
22	38481465	38482495	1	1	1	3	0	44
22	38486441	38487872	2	2	1	2	0	62
22	38486441	38487878	2	2	1	8	0	73
22	38488116	38492055	2	2	1	14	0	60
22	38492116	38493709	2	2	1	15	0	60
22	38493772	38494020	2	2	1	9	0	62
22	38494132	38494629	2	2	1	12	0	74
22	38494803	38494885	2	2	1	22	0	67
22	38495047	38495795	2	2	1	17	0	72
22	38495938	38498084	2	2	1	17	0	66
22	38498151	38498439	2	2	1	24	0	66
22	38498574	38499399	2	2	1	16	0	71
22	38499500	38501129	2	2	1	13	0	74
22	38501281	38505950	2	2	1	14	0	69
22	38656751	38656955	1	1	1	1	0	71
22	38656751	38668016	1	1	1	6	0	71
22	38657144	38668016	1	1	1	1	0	55
22	38668133	38670766	1	1	1	2	0	19
22	38668133	38670883	1	1	1	2	0	60
22	38670990	38671069	1	1	1	8	1	71
22	38670990	38671075	1	1	1	1	0	71
22	38671189	38673158	1	1	1	7	1	66
22	38682096	38682322	1	1	1	35	1	72
22	38682096	38682326	1	1	1	1	0	27
22	38682442	38682878	1	1	1	36	0	74
22	38682997	38683766	1	1	1	29	0	68
22	38688002	38688934	2	2	1	6	0	71
22	38689130	38689295	2	2	1	9	0	70
22	38689425	38699802	2	2	1	2	0	51
22	38706148	38708844	1	1	1	8	0	68
22	38706148	38715906	1	1	1	1	0	70
22	38708957	38715906	1	1	1	3	0	51
22	38716088	38716651	1	1	1	2	0	39
22	38717001	38721741	1	1	1	3	0	53
22	38721866	38724296	1	1	1	4	0	70
22	38724412	38726005	1	1	1	2	0	29
22	38726151	38726257	1	1	1	6	0	68
22	38727349	38727982	1	1	1	3	0	71
22	38728162	38729461	1	1	1	4	0	67
22	38729663	38730611	1	1	1	4	0	66
22	38736381	38738172	2	2	1	14	0	56
22	38738266	38738586	2	2	1	22	0	71
22	38738755	38738872	2	2	1	16	0	70
22	38738989	38739341	2	2	1	12	0	74
22	38739427	38739721	2	2	1	18	0	72
22	38739944	38740266	2	2	1	19	0	66
22	38740433	38741006	2	2	1	14	0	44
22	38741051	38741493	2	2	1	14	0	44
22	38741572	38742300	2	2	1	14	0	69
22	38742556	38745683	2	2	1	21	0	73
22	38745812	38748712	2	2	1	11	0	58
22	38748784	38749765	2	2	1	12	0	71
22	38749860	38750224	2	2	1	15	0	69
22	38750321	38750897	2	2	1	6	0	68
22	38750321	38751209	2	2	1	1	0	26
22	38751036	38751209	2	2	1	15	0	75
22	38751374	38752506	2	2	1	17	0	75
22	38752666	38754641	2	2	1	9	0	65
22	38752666	38755762	2	2	1	3	0	62
22	38754707	38755762	2	2	1	3	0	65
22	38779614	38780925	2	2	1	4	0	70
22	38781010	38782662	2	2	1	3	0	61
22	38782871	38794067	2	2	1	3	0	70
22	38807252	38807427	1	1	1	0	1	39
22	38807252	38807912	1	1	1	1	0	23
22	38867202	38871479	2	2	1	5	0	67
22	38871547	38871691	2	2	1	3	0	66
22	38871758	38871901	2	2	1	5	0	44
22	38871946	38872121	2	2	1	5	0	44
22	38982471	38984074	1	1	1	0	1	71
22	38982471	39015594	1	1	1	0	2	30
22	38982471	39022821	1	1	1	0	1	71
22	38984232	38985811	1	1	1	2	0	37
22	38986092	38986297	1	1	1	3	0	53
22	38986413	38989456	1	1	1	6	0	72
22	38989611	38991331	1	1	1	3	0	50
22	39014380	39015594	1	1	1	1	2	59
22	39014380	39022821	1	1	1	0	1	16
22	39015752	39017765	1	1	1	2	1	58
22	39018046	39018268	1	1	1	3	0	35
22	39021537	39022821	1	1	1	0	1	16
22	39023015	39025069	1	1	1	1	0	69
22	39025672	39029362	1	1	1	0	1	62
22	39029520	39031693	1	1	1	0	1	36
22	39029520	39052073	1	1	1	0	1	36
22	39031974	39032197	1	1	1	1	0	44
22	39045221	39045427	1	1	1	2	0	49
22	39045543	39049424	1	1	1	2	0	64
22	39141685	39167208	1	1	1	1	0	36
22	39225314	39225694	2	2	1	23	0	72
22	39225848	39230083	2	2	1	42	0	71
22	39230229	39231621	2	2	1	23	0	75
22	39231828	39233434	2	2	1	30	1	74
22	39233525	39235777	2	2	1	23	0	74
22	39235875	39243900	2	2	1	17	1	72
22	39312985	39313190	2	2	1	134	0	75
22	39313311	39313633	2	2	1	268	0	72
22	39313730	39314106	2	2	1	248	0	75
22	39314209	39314685	2	2	1	397	0	75
22	39314847	39315368	2	2	1	405	0	72
22	39315556	39316705	2	2	1	292	0	75
22	39316842	39317460	2	2	1	355	0	74
22	39317022	39317460	2	2	1	3	0	70
22	39317630	39318399	2	2	1	524	1	75
22	39318567	39319594	2	2	1	5	0	21
22	39318593	39319594	2	2	1	455	1	24
22	39350110	39374315	1	1	1	3	0	59
22	39374572	39375935	1	1	1	3	0	38
22	39376198	39377597	1	1	1	4	0	65
22	39399836	39415005	1	1	1	2	0	44
22	39415143	39415499	1	1	1	4	0	70
22	39415654	39416790	1	1	1	4	0	73
22	39416878	39417710	1	1	1	2	0	69
22	39417850	39418731	1	1	1	5	0	68
22	39419631	39421826	1	1	1	3	0	52
22	39421972	39426702	1	1	1	1	0	55
22	39426926	39428020	1	1	1	7	0	71
22	39428184	39430014	1	1	1	3	0	70
22	39502438	39504202	1	1	1	2	0	65
22	39504535	39511287	1	1	1	3	0	75
22	39511439	39511848	1	1	1	5	0	67
22	39512027	39512231	1	1	1	1	0	59
22	39512495	39513516	1	1	1	3	0	50
22	39520752	39521353	1	1	1	57	0	73
22	39520752	39521371	1	1	1	1	0	42
22	39521672	39521772	1	1	1	52	0	73
22	39521925	39521954	1	1	1	1	0	22
22	39529624	39529819	2	2	1	27	0	72
22	39529918	39532394	2	2	1	18	0	75
22	39532524	39532686	2	2	1	26	0	75
22	40152561	40159195	2	2	1	2	0	51
22	40246103	40251178	1	1	1	1	0	22
22	40251201	40261831	1	1	1	1	0	18
22	40270281	40273424	1	1	1	2	0	39
22	40273601	40277076	1	1	1	3	0	56
22	40277152	40277998	1	1	1	3	0	46
22	40278045	40279994	1	1	1	2	0	46
22	40285771	40300454	1	1	1	1	0	30
22	40308650	40310816	1	1	1	1	0	66
22	40310994	40312504	1	1	1	1	0	32
22	40312998	40315282	1	1	1	1	0	50
22	40315508	40315941	1	1	1	5	0	59
22	40316013	40321089	1	1	1	2	0	20
22	40321230	40322853	1	1	1	5	0	73
22	40346712	40349831	1	1	1	18	0	74
22	40350036	40353072	1	1	1	21	0	45
22	40353118	40354247	1	1	1	15	0	45
22	40354328	40358863	1	1	1	8	0	73
22	40359036	40359259	1	1	1	26	0	47
22	40359307	40360401	1	1	1	25	0	47
22	40360493	40361272	1	1	1	30	0	68
22	40361343	40361487	1	1	1	24	1	70
22	40361636	40362980	1	1	1	19	0	71
22	40363072	40364275	1	1	1	12	1	67
22	40364366	40364879	1	1	1	9	0	63
22	40365057	40366435	1	1	1	3	0	53
22	40367188	40368860	1	1	1	1	0	70
22	40400814	40401592	1	1	1	2	0	69
22	40400814	40402138	1	1	1	1	0	37
22	40401676	40402138	1	1	1	6	0	67
22	40402206	40404246	1	1	1	8	0	52
22	40402206	40404249	1	1	1	1	0	32
22	40404456	40404556	1	1	1	9	0	71
22	40404665	40405140	1	1	1	7	0	61
22	40405285	40405648	1	1	1	10	0	73
22	40405845	40406077	1	1	1	6	0	73
22	40406224	40406437	1	1	1	7	0	70
22	40406663	40407016	1	1	1	1	0	55
22	40407072	40407200	1	1	1	14	0	50
22	40407329	40407412	1	1	1	7	0	60
22	40407569	40407788	1	1	1	11	0	54
22	40407844	40408070	1	1	1	10	0	50
22	40408121	40408276	1	1	1	8	0	67
22	40408430	40408626	1	1	1	7	0	65
22	40408698	40408793	1	1	1	3	0	49
22	40408843	40408932	1	1	1	6	0	49
22	40409019	40409249	1	1	1	8	0	74
22	40409019	40409339	1	1	1	1	0	16
22	40409373	40409464	1	1	1	9	0	60
22	40409526	40409681	1	1	1	5	0	40
22	40417047	40417340	2	2	1	3	0	61
22	40417494	40418373	2	2	1	3	0	63
22	40419385	40420404	2	2	1	1	0	40
22	40420577	40420846	2	2	1	4	0	72
22	40421101	40423535	2	2	1	1	0	55
22	40423686	40424205	2	2	1	2	0	70
22	40424382	40429605	2	2	1	1	0	71
22	40429768	40431404	2	2	1	2	0	37
22	40431481	40435498	2	2	1	3	0	56
22	40435555	40463220	2	2	1	5	0	56
22	40463287	40552105	2	2	1	6	0	66
22	40552368	40594673	2	2	1	5	0	43
22	40594736	40636477	2	2	1	2	0	58
22	40687808	41073945	1	1	1	7	0	13
22	40770982	40773936	2	2	1	1	0	30
22	40774020	40777039	2	2	1	2	0	73
22	40775664	40799560	2	2	1	1	0	49
22	40777136	40777227	2	2	1	2	0	75
22	40777374	40779008	2	2	1	3	0	57
22	40779126	40792524	2	2	1	1	0	17
22	40792677	40794513	2	2	1	3	0	68
22	40799084	40819194	2	2	1	3	0	57
22	40826667	40827095	2	2	1	33	0	75
22	40827230	40829625	2	2	1	31	0	49
22	40829675	40830839	2	2	1	33	0	49
22	40830957	40832568	2	2	1	45	0	75
22	40832672	40835559	2	2	1	49	0	75
22	40835671	40835802	2	2	1	53	0	73
22	40835888	40840625	2	2	1	36	0	67
22	40840693	40844838	2	2	1	38	0	67
22	40844910	40848293	2	2	1	45	0	71
22	40848370	40850822	2	2	1	36	0	59
22	40850881	40856430	2	2	1	38	0	59
22	40857246	40860677	1	1	1	2	0	75
22	40870140	40881769	1	1	1	1	0	59
22	40892418	40898485	2	2	1	1	0	16
22	40951477	40953554	1	1	1	46	0	75
22	40951477	40964046	1	1	1	4	0	71
22	40953634	40955286	1	1	1	1	0	58
22	40953634	40964046	1	1	1	37	0	71
22	40953634	40972475	1	1	1	1	0	50
22	40964118	40967798	1	1	1	41	0	73
22	40967885	40972475	1	1	1	38	0	74
22	41054221	41079414	1	1	1	2	0	33
22	41064272	41064458	1	3	1	13	0	70
22	41093099	41117186	1	1	1	4	0	73
22	41117822	41125863	1	1	1	2	0	24
22	41126041	41127486	1	1	1	5	0	72
22	41127749	41129889	1	1	1	1	0	73
22	41130004	41131387	1	1	1	4	0	40
22	41131634	41135812	1	1	1	4	0	48
22	41135907	41137652	1	1	1	3	0	30
22	41137791	41140139	1	1	1	3	0	56
22	41140258	41141047	1	1	1	4	0	67
22	41141223	41146738	1	1	1	9	0	72
22	41146817	41147836	1	1	1	10	0	74
22	41147947	41149037	1	1	1	3	0	60
22	41149176	41149760	1	1	1	3	0	59
22	41150199	41151832	1	1	1	2	0	60
22	41152013	41152205	1	1	1	6	0	59
22	41152351	41154994	1	1	1	5	0	70
22	41155114	41157168	1	1	1	3	0	65
22	41157409	41158411	1	1	1	3	0	48
22	41158501	41160641	1	1	1	2	0	29
22	41160723	41162722	1	1	1	8	0	57
22	41162780	41164052	1	1	1	8	0	57
22	41164131	41166598	1	1	1	5	0	40
22	41166667	41168448	1	1	1	4	0	61
22	41168868	41169502	1	1	1	2	0	48
22	41169617	41170405	1	1	1	2	0	69
22	41170572	41172498	1	1	1	5	0	52
22	41172664	41173622	1	1	1	5	0	65
22	41173785	41176246	1	1	1	4	0	69
22	41176529	41176772	1	1	1	7	0	62
22	41205387	41209695	1	1	1	2	0	40
22	41214027	41216138	1	1	1	4	0	64
22	41219537	41220733	1	1	1	3	0	49
22	41220869	41221198	1	1	1	3	0	38
22	41221288	41224019	1	1	1	6	0	69
22	41224252	41224724	1	1	1	7	0	68
22	41224802	41224966	1	1	1	6	0	73
22	41225072	41225793	1	1	1	6	0	52
22	41225942	41226661	1	1	1	5	0	61
22	41226745	41227088	1	1	1	8	0	73
22	41227324	41227803	1	1	1	7	0	66
22	41227680	41227803	1	1	1	1	0	22
22	41227870	41229539	1	1	1	7	0	62
22	41229657	41230138	1	1	1	6	0	67
22	41246244	41246457	1	3	1	2	0	59
22	41246673	41249329	2	2	1	34	0	74
22	41249452	41249728	2	2	1	28	0	75
22	41249818	41251006	2	2	1	20	0	74
22	41251110	41252871	2	2	1	24	0	70
22	41252992	41254232	2	2	1	1	0	40
22	41252992	41254307	2	2	1	14	0	71
22	41254448	41256084	2	4	1	2	0	21
22	41254495	41256020	2	2	1	6	0	70
22	41256106	41256190	2	2	1	16	0	52
22	41256291	41256710	2	2	1	18	0	71
22	41256825	41257947	2	2	1	27	0	70
22	41258107	41261445	2	2	1	24	0	75
22	41261581	41264663	2	2	1	17	0	75
22	41264844	41268096	2	2	1	20	0	60
22	41268157	41274599	2	2	1	17	0	60
22	41274728	41280932	2	2	1	17	1	73
22	41281083	41285543	2	2	1	4	1	60
22	41281083	41285985	2	2	1	18	0	62
22	41281083	41302032	2	2	1	2	0	67
22	41285698	41285985	2	2	1	1	0	28
22	41285716	41285985	2	2	1	1	0	50
22	41301773	41320654	1	1	1	12	0	59
22	41320714	41325563	1	1	1	12	0	34
22	41325598	41325720	1	1	1	9	0	34
22	41325919	41327205	1	1	1	10	0	65
22	41327365	41330022	1	1	1	13	0	72
22	41330104	41332170	1	1	1	10	0	57
22	41332228	41338312	1	1	1	9	0	43
22	41338356	41339000	1	1	1	13	0	45
22	41339192	41339815	1	1	1	8	0	67
22	41340138	41341087	1	1	1	10	0	59
22	41341147	41342528	1	1	1	8	0	59
22	41342629	41343414	1	1	1	8	0	66
22	41343577	41346002	1	1	1	5	0	65
22	41346209	41348066	1	1	1	11	0	69
22	41348168	41349119	1	1	1	9	0	59
22	41349302	41351560	1	1	1	5	0	63
22	41351647	41355468	1	1	1	3	0	72
22	41355603	41355756	1	1	1	11	0	63
22	41355863	41355953	1	1	1	6	0	49
22	41356063	41356342	1	1	1	15	0	70
22	41356477	41356644	1	1	1	10	0	44
22	41356809	41357176	1	1	1	14	0	74
22	41387669	41394095	1	1	1	1	0	70
22	41437355	41446378	2	2	1	1	0	20
22	41437408	41446378	2	2	1	7	0	66
22	41460488	41467447	2	2	1	9	0	75
22	41467615	41468123	2	2	1	17	0	24
22	41468148	41468601	2	2	1	14	0	24
22	41469183	41499725	1	1	1	18	0	70
22	41499863	41507790	1	1	1	12	0	70
22	41508050	41511875	1	1	1	7	0	68
22	41511969	41515376	1	1	1	5	0	72
22	41515536	41515766	1	1	1	10	0	74
22	41515918	41517526	1	1	1	9	0	70
22	41517632	41518480	1	1	1	10	0	51
22	41518573	41520170	1	1	1	11	0	71
22	41520277	41522829	1	1	1	10	0	72
22	41522988	41523204	1	1	1	14	0	72
22	41523279	41523829	1	1	1	13	0	73
22	41523942	41524845	1	1	1	9	0	73
22	41524969	41525192	1	1	1	10	0	73
22	41525349	41526261	1	1	1	13	0	54
22	41526454	41527287	1	1	1	20	0	72
22	41527421	41527900	1	1	1	10	0	67
22	41528023	41528478	1	1	1	14	0	74
22	41529337	41530686	2	2	1	5	0	53
22	41530889	41532093	2	2	1	9	0	65
22	41532158	41532603	2	2	1	1	0	57
22	41532158	41532658	2	2	1	10	0	64
22	41532746	41540698	2	2	1	10	0	68
22	41540796	41543990	2	2	1	6	0	67
22	41544122	41544427	2	2	1	1	0	33
22	41547605	41564492	2	2	1	0	1	37
22	41577441	41577807	2	2	1	3	0	53
22	41577924	41578805	2	2	1	3	0	30
22	41578882	41583958	2	2	1	1	0	44
22	41586194	41589718	2	2	1	1	0	55
22	41601191	41603258	2	2	1	15	0	73
22	41602784	41603258	2	2	1	1	0	66
22	41603382	41604043	2	2	1	31	0	75
22	41604154	41607261	2	2	1	26	0	71
22	41604154	41620751	2	2	1	1	0	59
22	41607332	41607839	2	2	1	20	0	23
22	41607862	41620751	2	2	1	20	0	22
22	41621346	41621989	1	1	1	22	0	43
22	41622087	41628117	1	1	1	62	0	70
22	41628231	41636112	1	1	1	62	0	74
22	41628231	41636235	1	1	1	3	0	16
22	41636252	41636515	1	1	1	71	0	75
22	41636771	41637607	1	1	1	54	0	75
22	41637792	41646895	1	1	1	43	0	74
22	41647083	41650722	1	1	1	49	0	75
22	41650892	41653528	1	1	1	62	0	74
22	41653691	41656902	1	1	1	67	0	75
22	41657033	41658251	1	1	1	79	0	74
22	41658353	41661330	1	1	1	64	0	75
22	41661445	41663621	1	1	1	46	0	65
22	41667010	41680243	2	2	1	1	0	41
22	41675196	41680243	2	2	1	48	0	71
22	41680365	41682355	2	2	1	14	0	75
22	41680365	41688793	2	2	1	20	0	67
22	41693852	41693937	1	1	1	1	0	27
22	41813823	41825697	1	1	1	1	0	69
22	41815349	41859948	1	3	1	1	0	60
22	41831418	41895363	2	2	1	0	2	48
22	41833359	41866830	1	1	1	17	0	70
22	41867281	41868610	1	1	1	8	0	74
22	41868793	41870888	1	1	1	8	0	64
22	41871036	41873797	1	1	1	8	0	56
22	41874020	41875336	1	1	1	7	0	67
22	41875452	41875542	1	1	1	17	0	68
22	41875725	41877228	1	1	1	12	0	66
22	41875725	41880715	1	1	1	1	0	68
22	41877422	41877941	1	1	1	1	0	48
22	41878124	41880715	1	1	1	9	0	71
22	41880993	41884841	1	1	1	7	0	75
22	41885012	41893116	1	1	1	8	0	58
22	41893286	41894819	1	1	1	7	0	62
22	41894938	41897051	1	1	1	2	0	44
22	41897162	41898648	1	1	1	2	0	36
22	41900499	41902969	1	1	1	4	0	65
22	41903156	41904862	1	1	1	11	0	53
22	41904975	41905439	1	1	1	4	0	46
22	41939197	41943609	2	2	1	6	0	62
22	41943702	41945224	2	2	1	2	0	65
22	41945305	41945912	2	2	1	4	0	60
22	41946006	41946416	2	2	1	5	2	68
22	41946497	41947019	2	2	1	5	2	75
22	42061068	42062826	2	2	1	4	0	62
22	42063025	42065737	2	2	1	5	0	74
22	42065900	42066709	2	2	1	6	0	65
22	42066805	42067112	2	2	1	8	0	67
22	42067291	42067764	2	2	1	3	0	74
22	42067937	42068438	2	2	1	6	0	60
22	42068575	42070281	2	2	1	3	0	54
22	42070367	42070762	2	2	1	2	0	30
22	42070374	42070762	2	2	1	1	0	37
22	42074342	42075570	1	1	1	4	0	69
22	42075653	42077279	1	1	1	5	0	64
22	42079906	42081924	1	1	1	4	0	71
22	42079955	42081924	1	1	1	8	0	69
22	42080115	42081924	1	1	1	2	0	72
22	42080129	42081924	1	1	1	1	0	28
22	42082066	42083118	1	1	1	9	0	50
22	42086315	42087059	2	2	1	27	0	69
22	42087176	42090605	2	2	1	22	0	73
22	42108165	42108227	2	4	1	1	0	42
22	42161359	42168608	2	2	1	1	0	19
22	42161359	42169846	2	2	1	1	0	50
22	42168704	42169846	2	2	1	1	0	36
22	42168737	42169846	2	2	1	1	0	27
22	42169897	42179608	2	2	1	2	0	50
22	42175500	42372310	2	2	1	3	0	40
22	42179703	42209650	2	2	1	1	0	59
22	42512506	42574327	2	2	1	2	4	55
22	42512996	42514105	2	2	1	7	3	69
22	42512996	42514681	2	2	1	1	0	42
22	42512996	42575930	2	2	1	0	3	15
22	42514305	42514681	2	2	1	6	9	56
22	42514305	42576511	2	2	1	0	9	56
22	42514780	42515150	2	2	1	3	3	62
22	42515269	42516010	2	2	1	4	2	44
22	42515269	42577843	2	2	1	0	2	15
22	42516137	42518004	2	2	1	11	2	68
22	42516137	42580216	2	2	1	0	2	14
22	42518148	42519713	2	2	1	15	0	75
22	42518962	42581177	1	1	1	2	0	72
22	42557296	42601250	2	2	1	0	1	14
22	42567405	42601250	2	2	1	0	1	14
22	42574819	42575930	2	2	1	2	0	35
22	42576127	42576511	2	2	1	1	10	56
22	42576610	42576980	2	2	1	5	6	73
22	42577099	42577843	2	2	1	1	6	38
22	42577963	42581928	2	2	1	3	2	68
22	42580360	42581928	2	2	1	2	0	64
22	42585969	42587505	2	2	1	6	0	67
22	42587573	42591954	2	2	1	8	0	67
22	42588196	42601250	2	2	1	0	1	14
22	42592085	42595536	2	2	1	7	0	62
22	42595615	42596185	2	2	1	6	0	40
22	42596366	42599697	2	2	1	10	0	48
22	42599794	42601969	2	2	1	9	0	65
22	42599794	42602769	2	2	1	5	0	49
22	42602057	42602769	2	2	1	13	0	73
22	42603161	42614798	2	2	1	13	0	73
22	42619946	42623788	2	2	1	43	0	75
22	42623889	42627303	2	2	1	44	0	70
22	42627390	42627604	2	2	1	46	0	69
22	42627689	42628151	2	2	1	40	0	72
22	42628282	42630881	2	2	1	34	0	74
22	42630989	42631377	2	2	1	60	0	75
22	42631451	42636714	2	2	1	57	0	73
22	42636822	42649294	2	2	1	1	0	12
22	42636847	42649294	2	2	1	47	0	74
22	42693998	42695490	2	2	1	3	0	62
22	42706230	42722885	2	2	1	2	0	46
22	42733363	42757295	2	2	1	0	1	25
22	42733363	42766157	2	2	1	0	1	25
22	42738100	42809926	2	2	1	2	0	36
22	42797606	42799038	2	2	1	2	0	21
22	42799161	42807072	2	2	1	5	0	60
22	42807164	42808766	2	2	1	4	0	46
22	42808891	42810812	2	2	1	5	0	50
22	42810945	42817141	2	2	1	7	0	70
22	42817265	42817728	2	2	1	7	0	63
22	42817858	42822269	2	2	1	5	0	59
22	42822410	42823655	2	2	1	6	0	47
22	42823703	42826939	2	2	1	6	0	47
22	42827000	42831548	2	2	1	7	0	60
22	42829532	42831548	2	2	1	1	0	69
22	42831637	42834241	2	2	1	5	0	61
22	42834326	42835361	2	2	1	3	0	58
22	42835494	42840943	2	2	1	8	0	73
22	42841017	42847513	2	2	1	3	0	59
22	42847633	42857113	2	2	1	12	0	75
22	42871470	42876136	2	2	1	9	0	75
22	42876334	42876887	2	2	1	9	0	73
22	42877011	42879047	2	2	1	6	0	58
22	42879170	42882183	2	2	1	10	0	63
22	42882305	42884385	2	2	1	7	0	72
22	42884562	42888642	2	2	1	5	0	50
22	42888799	42890946	2	2	1	6	0	66
22	42891183	42893456	2	2	1	5	0	57
22	42893614	42912020	2	2	1	4	0	49
22	42912158	43015020	2	2	1	9	0	63
22	43020098	43027952	2	2	1	1	0	12
22	43027965	43050767	2	2	1	1	0	12
22	43063922	43064189	2	2	1	2	0	46
22	43064325	43068409	2	2	1	4	0	67
22	43068591	43069635	2	2	1	3	0	67
22	43069845	43070170	2	2	1	1	0	64
22	43069845	43075473	2	2	1	2	0	61
22	43070243	43075473	2	2	1	1	0	14
22	43075591	43079901	2	2	1	5	0	68
22	43079987	43089276	2	2	1	7	0	63
22	43133487	43137080	2	2	1	2	0	53
22	43133487	43141161	2	2	1	2	0	64
22	43137299	43141161	2	2	1	1	0	31
22	43141250	43142925	2	2	1	2	0	53
22	43151605	43159209	1	1	1	86	0	73
22	43151605	43161051	1	1	1	5	0	66
22	43152128	43159209	1	1	1	1	0	34
22	43152221	43159209	1	1	1	2	0	37
22	43159421	43161051	1	1	1	118	0	73
22	43161191	43162802	1	1	1	116	0	74
22	43168160	43168773	2	2	1	13	0	71
22	43168913	43169499	2	2	1	14	0	69
22	43169569	43171818	2	2	1	8	0	64
22	43171901	43172402	2	2	1	10	0	66
22	43172555	43173714	2	2	1	7	0	73
22	43173827	43174208	2	2	1	13	0	61
22	43174404	43174498	2	2	1	12	0	63
22	43174616	43176319	2	2	1	12	0	72
22	43176397	43179618	2	2	1	8	0	60
22	43179753	43179840	2	2	1	3	0	72
22	43180001	43180741	2	2	1	12	0	74
22	43180941	43182979	2	2	1	9	0	60
22	43207614	43208071	2	2	1	1	0	15
22	43208225	43210042	2	2	1	5	0	74
22	43210241	43210921	2	2	1	3	0	74
22	43212593	43214089	2	4	1	1	0	32
22	43218459	43220449	2	2	1	1	0	27
22	43231876	43238837	2	2	1	3	0	13
22	43238955	43255487	2	2	1	2	0	61
22	43238955	43258218	2	2	1	1	0	20
22	43258336	43262719	2	2	1	1	0	28
22	43544908	43633334	1	1	1	2	0	59
22	43955599	43963285	1	1	1	4	0	74
22	43963397	43964451	1	1	1	10	0	73
22	43964554	43968730	1	1	1	8	0	56
22	43968819	43972235	1	1	1	14	0	75
22	43972343	43972870	1	1	1	11	0	48
22	43973002	43973235	1	1	1	11	0	69
22	43973324	43976054	1	1	1	4	0	69
22	43976184	43976749	1	1	1	8	0	73
22	43976822	43977871	1	1	1	7	0	73
22	43977959	43981390	1	1	1	11	0	68
22	43981462	43983932	1	1	1	10	0	68
22	43984001	43989110	1	1	1	9	0	57
22	43989258	43990264	1	1	1	4	0	55
22	43990407	43996337	1	1	1	2	0	30
22	44018879	44023733	2	2	1	1	0	67
22	44024452	44093927	1	1	1	22	0	74
22	44094018	44100052	1	1	1	18	0	63
22	44100124	44119037	1	1	1	21	0	71
22	44119141	44131486	1	1	1	20	0	67
22	44131628	44132893	1	1	1	25	0	72
22	44133010	44136459	1	1	1	18	0	59
22	44136519	44140123	1	1	1	24	1	20
22	44140144	44147860	1	1	1	21	0	20
22	44140144	44151482	1	1	1	2	0	20
22	44140144	44157981	1	1	1	0	1	20
22	44147923	44151482	1	1	1	21	0	62
22	44151552	44157981	1	1	1	19	0	70
22	44158084	44163857	1	1	1	15	0	60
22	44163931	44168387	1	1	1	2	0	46
22	44163931	44168601	1	1	1	17	1	73
22	44497812	44498043	2	2	1	6	0	65
22	44731005	44731729	1	1	1	1	0	72
22	44735163	44736771	1	1	1	4	0	65
22	45164297	45168167	1	1	1	9	0	71
22	45168247	45170987	1	1	1	1	0	27
22	45168247	45171599	1	1	1	3	0	62
22	45171684	45175893	1	1	1	2	0	38
22	45176081	45178237	1	1	1	2	0	73
22	45178901	45181285	1	1	1	9	0	69
22	45181368	45183401	1	1	1	12	0	74
22	45183521	45184452	1	1	1	9	0	74
22	45197217	45197789	2	2	1	6	0	44
22	45197949	45199872	2	2	1	8	0	38
22	45200036	45202989	2	2	1	13	0	72
22	45203185	45203844	2	2	1	16	0	72
22	45203986	45205216	2	2	1	9	0	58
22	45205319	45205629	2	2	1	12	0	70
22	45205708	45205792	2	2	1	9	0	70
22	45205913	45211955	2	2	1	8	0	72
22	45212108	45212264	2	2	1	1	0	52
22	45212108	45240639	2	2	1	1	0	60
22	45310184	45322370	1	1	1	2	0	56
22	45322427	45323174	1	1	1	1	0	56
22	45323428	45327848	1	1	1	1	0	15
22	45330732	45332424	1	1	1	1	0	26
22	45336412	45340385	1	1	1	1	0	55
22	45531325	45533062	1	1	1	1	0	40
22	45533899	45535199	1	1	1	1	0	70
22	45542284	45543400	1	1	1	1	0	52
22	45543527	45547084	1	1	1	1	0	47
22	45646897	45649399	2	4	1	1	0	73
22	45672180	45689711	1	1	1	5	0	60
22	45689904	45692995	1	1	1	5	0	72
22	45693079	45700281	1	1	1	14	0	72
22	45700379	45702688	1	1	1	11	0	67
22	45702848	45718412	1	1	1	8	0	74
22	45718494	45729424	1	1	1	6	0	67
22	45729591	45738730	1	1	1	8	0	57
22	45738840	45740368	1	1	1	11	0	72
22	45740539	45806958	1	1	1	17	0	64
22	45807023	45842990	1	1	1	20	0	66
22	45843179	45843668	1	1	1	7	0	58
22	46053921	46056846	1	1	1	7	0	55
22	46056946	46057061	1	1	1	4	0	37
22	46245239	46247105	2	2	1	1	0	17
22	46245239	46248171	2	2	1	1	0	72
22	46268073	46268513	1	1	1	6	0	50
22	46268592	46272334	1	1	1	8	0	52
22	46272417	46273897	1	1	1	5	0	65
22	46274070	46275247	1	1	1	4	0	65
22	46275422	46278585	1	1	1	3	0	57
22	46278662	46281598	1	1	1	4	0	70
22	46281719	46283972	1	1	1	6	0	54
22	46284033	46285240	1	1	1	4	0	39
22	46285280	46287072	1	1	1	3	0	39
22	46287155	46288422	1	1	1	4	0	65
22	46288589	46289401	1	1	1	2	0	22
22	46289562	46289825	1	1	1	3	0	51
22	46289900	46292790	1	1	1	3	0	34
22	46297480	46308149	1	3	1	10	0	58
22	46308208	46308318	1	1	1	8	0	58
22	46308944	46312140	1	1	1	5	0	67
22	46312306	46313889	1	1	1	6	0	71
22	46314014	46316031	1	1	1	5	0	61
22	46316413	46323189	1	1	1	6	0	64
22	46323263	46326435	1	1	1	12	0	66
22	46326655	46328687	1	1	1	8	0	36
22	46328890	46329357	1	1	1	4	0	73
22	46329568	46330046	1	1	1	7	0	59
22	46335847	46337778	1	1	1	5	0	73
22	46337945	46343261	1	1	1	7	0	71
22	46343369	46346421	1	1	1	10	0	66
22	46346545	46350290	1	1	1	7	0	73
22	46350464	46352120	1	1	1	9	0	54
22	46352175	46352263	1	1	1	6	0	54
22	46352331	46353766	1	1	1	3	0	66
22	46353868	46355443	1	1	1	5	0	73
22	46355589	46355989	1	1	1	2	0	21
22	46356073	46356841	1	1	1	1	0	64
22	46364252	46364511	2	2	1	1	0	25
22	46364737	46365230	2	2	1	1	0	49
22	46365381	46365585	2	2	1	1	0	38
22	46373058	46377060	2	2	1	2	0	64
22	46377262	46378590	2	2	1	1	0	47
22	46382051	46384542	2	2	1	2	0	73
22	46384687	46386401	2	2	1	1	0	22
22	46386586	46389289	2	2	1	3	0	18
22	46389500	46390391	2	2	1	3	0	64
22	46398638	46399716	2	2	1	1	0	59
22	46409163	46409754	2	2	1	2	0	69
22	46409881	46410397	2	2	1	1	0	23
22	46410562	46411601	2	2	1	1	0	70
22	46499184	46533626	2	2	1	1	0	29
22	46549322	46558950	2	2	1	1	0	49
22	46626962	46637839	1	1	1	3	0	58
22	46658308	46661380	1	1	1	1	0	59
22	46663173	46663837	1	1	1	1	0	26
22	46664118	46665614	1	1	1	2	0	41
22	46665707	46666824	1	1	1	2	0	29
22	46668909	46672842	1	1	1	1	0	68
22	46674751	46675467	1	1	1	1	0	58
22	46675553	46676599	1	1	1	1	0	36
22	46676669	46677146	1	1	1	1	0	45
22	46687207	46689991	2	2	1	10	0	56
22	46687207	46689996	2	2	1	1	0	14
22	46690201	46691571	2	2	1	14	0	73
22	46691778	46693426	2	2	1	8	0	63
22	46693504	46695209	2	2	1	7	0	60
22	46695316	46699312	2	2	1	11	0	68
22	46699466	46701635	2	2	1	13	0	65
22	46701711	46707842	2	2	1	11	0	65
22	46707989	46711085	2	2	1	10	0	64
22	46711150	46712167	2	2	1	10	0	64
22	46712294	46720085	2	2	1	12	0	74
22	46720209	46720901	2	2	1	6	0	68
22	46721016	46738006	2	2	1	2	0	74
22	46762849	46792519	1	1	1	2	0	57
22	46762849	46793500	1	1	1	1	0	60
22	46792577	46793500	1	1	1	2	0	32
22	46793842	46797443	1	1	1	6	0	70
22	46797621	46878652	1	1	1	8	0	72
22	46878724	46891265	1	1	1	7	0	47
22	46891395	46894783	1	1	1	2	0	52
22	46894847	46912073	1	1	1	4	0	32
22	46974400	46997633	1	1	1	2	0	48
22	46980414	47040177	2	2	1	0	2	55
22	46997710	47037070	1	1	1	2	0	63
22	47037199	47111507	1	1	1	5	0	48
22	47111604	47173497	1	1	1	8	0	67
22	49774417	49775590	2	2	1	3	0	71
22	49775746	49776049	2	2	1	4	0	73
22	49776160	49777033	2	2	1	4	0	69
22	49777162	49777677	2	2	1	1	0	52
22	49777814	49787389	2	2	1	1	0	23
22	49794295	49797804	2	2	1	2	0	59
22	49798118	49798557	2	2	1	1	0	28
22	49799120	49804203	2	2	1	1	0	34
22	49804361	49822950	2	2	1	2	0	39
22	49853990	49883333	1	1	1	1	0	73
22	49904067	49904178	2	2	1	1	0	39
22	49904255	49904336	2	2	1	3	0	61
22	49904507	49907720	2	2	1	5	0	55
22	49907945	49909243	2	2	1	2	0	38
22	49909348	49909893	2	2	1	9	0	69
22	49910089	49910433	2	2	1	3	0	55
22	49910608	49913384	2	2	1	1	0	26
22	49913518	49913603	2	2	1	7	0	74
22	49913844	49918262	2	2	1	5	0	62
22	49918899	49919229	1	1	1	1	0	15
22	49919313	49919729	1	1	1	6	0	52
22	49919841	49920155	1	1	1	10	0	68
22	49920248	49921584	1	1	1	11	0	65
22	49921762	49922611	1	1	1	14	0	68
22	49922289	49922326	2	4	1	1	0	31
22	49922708	49923233	1	1	1	15	0	69
22	49923318	49924359	1	1	1	6	0	57
22	49924456	49925416	1	1	1	8	0	75
22	49925558	49927254	1	1	1	6	0	50
22	49961033	49961124	1	1	1	4	0	75
22	49961235	49961317	1	1	1	8	0	51
22	49961369	49961441	1	1	1	6	0	35
22	49961812	49962688	1	1	1	19	0	75
22	49962866	49962939	1	1	1	39	0	75
22	49962866	49962950	1	1	1	1	0	62
22	50117352	50120501	1	1	1	1	0	39
22	50117352	50125391	1	1	1	2	0	35
22	50120617	50125391	1	1	1	1	0	40
22	50125570	50126201	1	1	1	5	0	60
22	50126273	50128415	1	1	1	3	0	51
22	50128508	50134006	1	1	1	1	0	29
22	50145811	50149614	1	1	1	1	0	21
22	50153219	50158056	1	1	1	2	0	49
22	50159786	50160687	1	1	1	1	0	27
22	50160826	50160963	1	1	1	1	0	32
22	50161056	50161367	1	1	1	2	0	72
22	50168291	50168440	1	1	1	0	1	32
22	50168291	50168517	1	1	1	0	1	32
22	50170957	50175431	1	1	1	1	0	14
22	50175483	50176938	1	1	1	2	0	51
22	50185977	50193026	1	1	1	9	0	55
22	50186002	50193026	1	1	1	2	0	42
22	50193094	50193575	1	1	1	11	0	67
22	50193655	50194339	1	1	1	5	0	52
22	50194507	50194899	1	1	1	14	0	62
22	50195041	50197240	1	1	1	22	0	71
22	50197352	50197448	1	1	1	22	0	68
22	50197589	50197822	1	1	1	9	0	73
22	50197996	50198074	1	1	1	4	0	65
22	50198187	50198344	1	1	1	8	0	68
22	50198516	50199115	1	1	1	1	0	71
22	50206521	50208535	1	1	1	9	0	69
22	50208717	50210180	1	1	1	9	0	74
22	50210312	50210630	1	1	1	4	0	60
22	50210912	50215716	1	1	1	6	0	60
22	50215868	50216690	1	1	1	3	0	61
22	50216877	50216971	1	1	1	4	0	69
22	50217129	50217204	1	3	1	5	0	69
22	50217828	50217917	2	2	1	2	0	53
22	50218070	50218188	2	2	1	1	0	27
22	50218118	50218188	2	2	1	4	0	74
22	50218403	50218487	2	2	1	3	0	41
22	50218621	50218702	2	2	1	5	0	56
22	50218898	50219067	2	2	1	3	0	41
22	50219210	50219287	2	2	1	3	0	54
22	50219457	50219643	2	2	1	4	0	66
22	50221875	50222027	2	2	1	1	0	66
22	50222103	50222453	2	2	1	4	0	49
22	50222555	50224140	2	2	1	1	0	27
22	50222593	50224140	2	2	1	1	0	43
22	50224257	50224331	2	2	1	4	0	68
22	50224421	50224510	2	2	1	3	0	70
22	50224593	50225793	2	2	1	4	0	67
22	50225944	50226049	2	2	1	1	0	15
22	50226843	50226998	2	2	1	1	0	57
22	50227078	50227906	2	2	1	1	0	14
22	50228029	50229403	2	2	1	3	0	64
22	50229578	50233315	2	2	1	2	0	66
22	50240368	50243718	2	2	1	1	0	52
22	50245531	50245674	2	2	1	2	0	48
22	50245828	50245909	2	2	1	2	0	62
22	50246093	50246297	2	2	1	5	0	74
22	50246377	50246678	2	2	1	3	0	57
22	50246736	50246874	2	2	1	3	0	32
22	50246967	50247889	2	2	1	1	0	41
22	50248146	50248224	2	2	1	2	0	33
22	50248293	50248365	2	2	1	1	0	68
22	50248473	50248661	2	2	1	1	0	49
22	50249965	50250062	2	2	1	2	0	53
22	50250161	50250426	2	2	1	2	0	60
22	50253481	50255196	2	2	1	6	0	57
22	50255371	50255452	2	2	1	7	0	55
22	50255532	50255614	2	2	1	10	0	74
22	50255695	50255809	2	2	1	8	0	45
22	50255882	50256084	2	2	1	6	0	72
22	50256200	50256598	2	2	1	3	0	48
22	50256647	50256934	2	2	1	4	0	30
22	50256647	50258242	2	2	1	2	0	48
22	50256965	50257081	2	2	1	4	0	30
22	50257194	50258242	2	2	1	2	0	59
22	50258302	50260828	2	2	1	3	0	42
22	50258302	50261166	2	2	1	3	1	55
22	50260957	50261166	2	2	1	1	0	51
22	50261297	50261384	2	2	1	1	1	62
22	50265028	50265320	2	2	1	6	0	75
22	50265495	50265581	2	2	1	8	0	43
22	50265661	50266225	2	2	1	8	0	72
22	50266306	50266539	2	2	1	9	0	63
22	50266612	50266933	2	2	1	8	0	52
22	50267175	50267256	2	2	1	8	0	30
22	50267287	50267370	2	2	1	9	0	30
22	50267483	50267568	2	2	1	3	0	40
22	50267628	50267819	2	2	1	3	0	59
22	50267950	50270176	2	2	1	2	0	68
22	50275809	50275888	2	2	1	6	0	31
22	50275964	50276628	2	2	1	5	0	60
22	50276705	50276841	2	2	1	8	0	65
22	50276907	50277590	2	2	1	6	0	65
22	50277739	50277852	2	2	1	6	0	54
22	50278014	50278116	2	2	1	2	0	53
22	50278272	50278434	2	2	1	14	0	73
22	50278520	50278595	2	2	1	8	0	70
22	50278697	50278854	2	2	1	17	0	68
22	50279012	50279629	2	2	1	10	0	75
22	50279777	50280004	2	2	1	10	0	59
22	50280072	50280488	2	2	1	5	0	66
22	50280072	50280527	2	2	1	2	0	55
22	50280671	50280743	2	2	1	20	0	61
22	50280974	50281088	2	2	1	11	0	69
22	50281190	50281359	2	2	1	9	0	65
22	50281500	50281565	2	2	1	5	0	48
22	50281743	50281853	2	2	1	9	0	68
22	50282082	50282183	2	2	1	5	0	54
22	50282314	50282710	2	2	1	10	0	73
22	50282882	50283003	2	2	1	1	0	46
22	50282882	50283049	2	2	1	15	0	73
22	50283187	50283336	2	2	1	9	0	63
22	50283446	50283601	2	2	1	8	0	64
22	50283751	50283832	2	2	1	5	0	58
22	50283991	50284131	2	2	1	13	0	74
22	50284214	50284572	2	2	1	13	0	72
22	50284666	50285799	2	2	1	12	0	73
22	50285902	50285989	2	2	1	7	0	71
22	50286099	50286172	2	2	1	9	0	73
22	50286288	50287110	2	2	1	10	0	74
22	50287265	50287666	2	2	1	10	0	75
22	50287794	50287936	2	2	1	10	0	74
22	50288038	50288742	2	2	1	9	0	74
22	50288872	50288959	2	2	1	13	0	60
22	50289143	50289516	2	2	1	8	0	67
22	50290598	50294718	2	2	1	4	0	60
22	50290598	50294725	2	2	1	4	0	51
22	50290598	50307552	2	2	1	3	0	54
22	50294779	50295376	2	2	1	4	0	53
22	50294779	50307552	2	2	1	3	0	53
22	50295430	50307552	2	2	1	2	0	53
22	50312262	50312342	2	2	1	2	0	37
22	50312626	50312998	2	2	1	2	0	60
22	50314495	50314604	2	2	1	1	0	48
22	50314922	50315713	2	2	1	1	0	24
22	50372151	50393892	1	1	1	3	0	55
22	50394136	50406688	1	1	1	2	0	43
22	50394136	50406734	1	1	1	2	0	71
22	50406876	50414551	1	1	1	2	0	28
22	50414690	50416091	1	1	1	5	0	66
22	50418980	50419348	1	1	1	2	0	74
22	50419463	50422253	1	1	1	2	0	72
22	50422381	50423461	1	1	1	5	0	67
22	50423615	50431172	1	1	1	7	0	74
22	50431383	50432264	1	1	1	9	0	65
22	50432330	50434965	1	1	1	5	0	65
22	50435082	50436366	1	1	1	10	0	71
22	50436453	50436987	1	1	1	8	0	70
22	50436453	50437505	1	1	1	4	0	53
22	50437069	50437505	1	1	1	6	0	53
22	50437604	50437842	1	1	1	7	0	58
22	50437901	50438173	1	1	1	6	0	58
22	50438299	50438598	1	1	1	4	0	44
22	50438763	50439700	1	1	1	5	0	57
22	50439858	50439960	1	1	1	8	0	67
22	50440050	50440821	1	1	1	3	0	52
22	50441027	50443865	1	1	1	8	0	74
22	50444118	50444198	1	1	1	5	0	67
22	50447241	50447321	2	2	1	3	0	32
22	50447454	50447521	2	2	1	2	0	14
22	50447610	50448232	2	2	1	1	0	57
22	50448445	50448542	2	2	1	9	0	72
22	50448651	50454511	2	2	1	4	0	31
22	50453662	50538962	2	2	1	2	0	38
22	50454743	50454813	2	2	1	5	0	59
22	50454945	50455015	2	2	1	5	0	30
22	50455143	50455223	2	2	1	11	0	71
22	50455410	50455480	2	2	1	8	0	75
22	50455583	50456215	2	2	1	4	0	52
22	50456396	50456491	2	2	1	2	0	68
22	50456674	50457033	2	2	1	5	0	57
22	50456674	50459254	2	2	1	4	0	61
22	50457112	50459254	2	2	1	3	0	38
22	50459393	50459469	2	2	1	6	0	73
22	50459411	50459469	2	2	1	1	0	49
22	50459667	50459951	2	2	1	6	0	63
22	50460160	50460271	2	2	1	14	0	69
22	50460409	50460533	2	2	1	6	0	74
22	50460713	50461158	2	2	1	4	0	71
22	50461287	50461522	2	2	1	6	0	59
22	50461719	50461795	2	2	1	3	0	61
22	50461870	50461946	2	2	1	5	0	74
22	50462474	50462558	2	2	1	8	0	73
22	50462718	50462869	2	2	1	8	0	48
22	50462939	50463282	2	2	1	8	0	69
22	50463433	50464328	2	2	1	3	0	42
22	50464442	50464533	2	2	1	10	0	72
22	50464739	50464818	2	2	1	7	0	75
22	50464918	50465000	2	2	1	1	0	64
22	50465130	50465214	2	2	1	7	0	75
22	50465329	50465762	2	2	1	2	0	74
22	50465841	50465960	2	2	1	8	0	60
22	50466075	50466149	2	2	1	8	1	67
22	50466259	50466349	2	2	1	2	0	63
22	50466483	50466604	2	2	1	3	1	54
22	50466711	50467337	2	2	1	2	0	72
22	50467449	50467531	2	2	1	2	0	25
22	50467924	50468375	2	2	1	4	0	56
22	50481958	50482566	1	1	1	1	0	42
22	50503700	50503807	2	2	1	7	0	68
22	50503905	50504339	2	2	1	7	0	61
22	50504452	50504558	2	2	1	3	0	67
22	50504728	50504801	2	2	1	9	0	46
22	50504985	50505056	2	2	1	10	0	72
22	50505154	50505228	2	2	1	8	0	75
22	50505335	50505402	2	2	1	8	0	65
22	50505538	50505673	2	2	1	11	0	45
22	50505816	50506034	2	2	1	11	0	72
22	50506214	50506284	2	2	1	10	0	65
22	50506214	50507581	2	2	1	2	0	42
22	50506503	50506637	2	2	1	8	0	30
22	50506667	50506781	2	4	1	5	0	29
22	50507036	50507581	2	2	1	7	0	73
22	50508446	50516446	1	1	1	2	0	58
22	50515485	50555881	2	2	1	0	1	37
22	50516549	50517426	1	1	1	6	0	56
22	50517483	50517576	1	1	1	5	0	56
22	50517662	50517740	1	1	1	2	0	66
22	50517810	50517972	1	1	1	3	0	64
22	50518053	50518132	1	1	1	3	0	73
22	50518279	50518648	1	1	1	4	0	61
22	50518733	50519189	1	1	1	4	0	65
22	50519321	50520964	1	1	1	5	0	57
22	50521037	50521542	1	1	1	6	0	67
22	50521610	50521740	1	1	1	3	0	53
22	50521849	50521985	1	1	1	2	0	54
22	50522040	50522180	1	1	1	5	0	54
22	50522252	50522342	1	3	1	5	0	64
22	50522416	50522497	1	1	1	1	0	18
22	50522416	50522500	1	1	1	2	0	47
22	50522570	50522670	1	1	1	1	0	32
22	50522721	50522820	1	1	1	1	0	39
22	50523167	50523234	1	1	1	1	0	50
22	50524425	50525471	2	2	1	2	0	71
22	50527718	50528511	2	2	1	1	0	20
22	50529339	50529495	2	2	1	1	0	67
22	50572309	50572874	2	2	1	1	0	74
22	50577035	50577323	2	2	1	1	0	16
22	50577935	50578548	2	2	1	1	0	55
22	50579256	50579425	2	2	1	2	0	29
22	50579508	50579726	2	2	1	2	0	39
22	50580083	50580189	2	2	1	1	0	57
22	50580272	50580357	2	2	1	1	0	52
22	50580417	50580564	2	2	1	1	0	60
22	50580661	50581419	2	2	1	1	0	28
22	50581554	50581748	2	2	1	1	0	40
22	50581863	50582248	2	2	1	2	0	43
22	50625682	50625935	2	2	1	3	0	42
22	50626064	50626153	2	2	1	2	0	57
22	50626279	50626590	2	2	1	1	0	46
22	50626761	50626833	2	2	1	3	0	67
22	50626761	50627165	2	2	1	1	0	47
22	50627407	50627555	2	2	1	2	0	68
22	50672854	50674075	1	1	1	3	0	53
22	50674705	50675047	1	1	1	2	0	42
22	50675252	50676621	1	1	1	3	0	24
22	50676694	50678584	1	1	1	10	0	69
22	50678694	50678768	1	1	1	8	0	46
22	50678921	50679018	1	1	1	8	0	73
22	50679187	50679311	1	1	1	4	0	38
22	50679429	50683339	1	1	1	9	0	64
22	50683418	50684584	1	1	1	13	0	64
22	50684652	50694774	1	1	1	12	0	58
22	50697716	50698689	1	1	1	1	0	52
22	50698804	50703859	1	1	1	2	0	63
22	50703936	50704165	1	1	1	6	0	71
22	50704249	50704737	1	1	1	8	0	66
22	50704863	50704963	1	1	1	8	0	58
22	50705097	50706071	1	1	1	11	0	65
22	50706153	50714916	1	1	1	13	0	74
22	50715048	50715668	1	1	1	14	0	74
22	50715754	50720183	1	1	1	12	0	69
22	50722438	50730946	1	1	1	2	0	42
22	50728656	50728817	1	3	1	1	0	39
22	50769553	50769904	2	2	1	3	0	47
22	50769553	50775771	2	2	1	1	0	18
22	50773617	50775771	2	2	1	1	0	45
22	50775852	50776669	2	2	1	3	0	73
22	50776750	50777951	2	2	1	2	0	30
22	50777982	50782187	2	2	1	1	0	30
22	50782352	50782890	2	2	1	2	0	52
22	50782352	50783038	2	2	1	2	0	62
22	50783046	50783500	2	2	1	1	0	20
22	50783865	50784013	1	1	1	1	0	53
22	50783865	50785172	1	1	1	5	0	74
22	50784022	50785172	1	1	1	8	0	73
22	50784073	50784330	1	1	1	1	0	43
22	50784425	50785172	1	1	1	3	0	60
22	50784687	50785172	1	1	1	1	0	25
22	50785294	50788891	1	1	1	2	0	44
22	50785294	50798654	1	1	1	9	0	71
22	50791304	50798654	1	1	1	1	0	28
